,yoloobject_img_name,l3gt_foryoloobject
0,mainbatchi0_imgbatchi0_predi1,111
1,mainbatchi0_imgbatchi0_predi2,106
2,mainbatchi0_imgbatchi0_predi0,2
3,mainbatchi0_imgbatchi1_predi0,106
4,mainbatchi0_imgbatchi2_predi2,31
5,mainbatchi0_imgbatchi2_predi0,58
6,mainbatchi0_imgbatchi3_predi2,193
7,mainbatchi0_imgbatchi3_predi1,213
8,mainbatchi0_imgbatchi3_predi0,211
9,mainbatchi0_imgbatchi3_predi3,2
10,mainbatchi0_imgbatchi4_predi2,98
11,mainbatchi0_imgbatchi4_predi0,43
12,mainbatchi0_imgbatchi4_predi3,216
13,mainbatchi0_imgbatchi4_predi4,191
14,mainbatchi0_imgbatchi4_predi1,1
15,mainbatchi0_imgbatchi5_predi0,63
16,mainbatchi0_imgbatchi5_predi3,191
17,mainbatchi0_imgbatchi5_predi1,191
18,mainbatchi0_imgbatchi6_predi2,12
19,mainbatchi0_imgbatchi6_predi0,215
20,mainbatchi0_imgbatchi6_predi21,111
21,mainbatchi0_imgbatchi6_predi3,202
22,mainbatchi0_imgbatchi6_predi1,168
23,mainbatchi0_imgbatchi7_predi1,61
24,mainbatchi0_imgbatchi7_predi5,98
25,mainbatchi0_imgbatchi7_predi3,108
26,mainbatchi0_imgbatchi7_predi2,115
27,mainbatchi0_imgbatchi7_predi4,6
28,mainbatchi0_imgbatchi7_predi0,1
29,mainbatchi0_imgbatchi8_predi1,216
30,mainbatchi0_imgbatchi8_predi6,142
31,mainbatchi0_imgbatchi8_predi0,191
32,mainbatchi0_imgbatchi8_predi4,1
33,mainbatchi0_imgbatchi8_predi2,1
34,mainbatchi0_imgbatchi8_predi5,215
35,mainbatchi0_imgbatchi8_predi3,197
36,mainbatchi0_imgbatchi9_predi3,95
37,mainbatchi0_imgbatchi9_predi0,106
38,mainbatchi0_imgbatchi9_predi5,128
39,mainbatchi0_imgbatchi9_predi1,34
40,mainbatchi0_imgbatchi9_predi4,157
41,mainbatchi0_imgbatchi9_predi25,98
42,mainbatchi0_imgbatchi9_predi2,139
43,mainbatchi0_imgbatchi10_predi5,147
44,mainbatchi0_imgbatchi10_predi4,111
45,mainbatchi0_imgbatchi10_predi1,88
46,mainbatchi0_imgbatchi10_predi2,71
47,mainbatchi0_imgbatchi10_predi3,197
48,mainbatchi0_imgbatchi10_predi0,31
49,mainbatchi0_imgbatchi11_predi1,1
50,mainbatchi0_imgbatchi11_predi0,191
51,mainbatchi0_imgbatchi11_predi3,142
52,mainbatchi0_imgbatchi11_predi4,111
53,mainbatchi0_imgbatchi11_predi2,119
54,mainbatchi0_imgbatchi12_predi5,171
55,mainbatchi0_imgbatchi12_predi2,2
56,mainbatchi0_imgbatchi12_predi4,197
57,mainbatchi0_imgbatchi12_predi3,200
58,mainbatchi0_imgbatchi12_predi1,1
59,mainbatchi0_imgbatchi12_predi0,204
60,mainbatchi0_imgbatchi13_predi5,71
61,mainbatchi0_imgbatchi13_predi3,175
62,mainbatchi0_imgbatchi13_predi35,142
63,mainbatchi0_imgbatchi13_predi1,191
64,mainbatchi0_imgbatchi13_predi2,197
65,mainbatchi0_imgbatchi13_predi4,128
66,mainbatchi0_imgbatchi13_predi0,1
67,mainbatchi0_imgbatchi14_predi1,197
68,mainbatchi0_imgbatchi14_predi0,64
69,mainbatchi0_imgbatchi15_predi0,1
70,mainbatchi0_imgbatchi15_predi1,6
71,mainbatchi0_imgbatchi16_predi2,176
72,mainbatchi0_imgbatchi16_predi0,216
73,mainbatchi0_imgbatchi16_predi3,200
74,mainbatchi0_imgbatchi16_predi1,6
75,mainbatchi0_imgbatchi17_predi0,64
76,mainbatchi0_imgbatchi17_predi2,98
77,mainbatchi0_imgbatchi17_predi3,2
78,mainbatchi0_imgbatchi17_predi1,1
79,mainbatchi0_imgbatchi18_predi2,115
80,mainbatchi0_imgbatchi18_predi3,1
81,mainbatchi0_imgbatchi18_predi4,1
82,mainbatchi0_imgbatchi18_predi1,44
83,mainbatchi0_imgbatchi18_predi5,129
84,mainbatchi0_imgbatchi18_predi0,38
85,mainbatchi0_imgbatchi19_predi3,183
86,mainbatchi0_imgbatchi19_predi1,191
87,mainbatchi0_imgbatchi19_predi12,119
88,mainbatchi0_imgbatchi19_predi2,151
89,mainbatchi0_imgbatchi19_predi5,108
90,mainbatchi0_imgbatchi19_predi0,58
91,mainbatchi0_imgbatchi20_predi0,2
92,mainbatchi0_imgbatchi20_predi1,111
93,mainbatchi0_imgbatchi20_predi3,55
94,mainbatchi0_imgbatchi20_predi4,139
95,mainbatchi0_imgbatchi20_predi2,215
96,mainbatchi0_imgbatchi21_predi5,193
97,mainbatchi0_imgbatchi21_predi3,178
98,mainbatchi0_imgbatchi21_predi4,191
99,mainbatchi0_imgbatchi21_predi0,54
100,mainbatchi0_imgbatchi21_predi2,191
101,mainbatchi0_imgbatchi21_predi1,1
102,mainbatchi0_imgbatchi22_predi3,115
103,mainbatchi0_imgbatchi22_predi2,98
104,mainbatchi0_imgbatchi22_predi4,6
105,mainbatchi0_imgbatchi22_predi0,1
106,mainbatchi0_imgbatchi22_predi1,61
107,mainbatchi0_imgbatchi23_predi1,151
108,mainbatchi0_imgbatchi23_predi2,193
109,mainbatchi0_imgbatchi23_predi0,64
110,mainbatchi0_imgbatchi24_predi7,37
111,mainbatchi0_imgbatchi24_predi12,157
112,mainbatchi0_imgbatchi24_predi2,1
113,mainbatchi0_imgbatchi24_predi6,115
114,mainbatchi0_imgbatchi24_predi0,61
115,mainbatchi0_imgbatchi24_predi4,108
116,mainbatchi0_imgbatchi24_predi3,181
117,mainbatchi0_imgbatchi24_predi1,115
118,mainbatchi0_imgbatchi24_predi5,180
119,mainbatchi0_imgbatchi24_predi10,58
120,mainbatchi0_imgbatchi25_predi3,160
121,mainbatchi0_imgbatchi25_predi1,47
122,mainbatchi0_imgbatchi25_predi0,65
123,mainbatchi0_imgbatchi26_predi0,106
124,mainbatchi0_imgbatchi27_predi0,58
125,mainbatchi0_imgbatchi27_predi2,65
126,mainbatchi0_imgbatchi27_predi1,63
127,mainbatchi0_imgbatchi27_predi3,31
128,mainbatchi0_imgbatchi28_predi1,128
129,mainbatchi0_imgbatchi28_predi0,6
130,mainbatchi0_imgbatchi28_predi2,181
131,mainbatchi0_imgbatchi29_predi3,151
132,mainbatchi0_imgbatchi29_predi2,63
133,mainbatchi0_imgbatchi29_predi0,2
134,mainbatchi0_imgbatchi29_predi1,1
135,mainbatchi0_imgbatchi30_predi3,154
136,mainbatchi0_imgbatchi30_predi1,12
137,mainbatchi0_imgbatchi30_predi0,191
138,mainbatchi0_imgbatchi31_predi2,98
139,mainbatchi0_imgbatchi31_predi1,193
140,mainbatchi0_imgbatchi31_predi3,64
141,mainbatchi0_imgbatchi31_predi0,1
142,mainbatchi1_imgbatchi0_predi0,6
143,mainbatchi1_imgbatchi0_predi2,211
144,mainbatchi1_imgbatchi0_predi3,171
145,mainbatchi1_imgbatchi0_predi1,213
146,mainbatchi1_imgbatchi1_predi0,62
147,mainbatchi1_imgbatchi1_predi2,142
148,mainbatchi1_imgbatchi1_predi3,68
149,mainbatchi1_imgbatchi2_predi2,54
150,mainbatchi1_imgbatchi2_predi1,65
151,mainbatchi1_imgbatchi2_predi0,157
152,mainbatchi1_imgbatchi3_predi0,111
153,mainbatchi1_imgbatchi3_predi3,12
154,mainbatchi1_imgbatchi3_predi1,215
155,mainbatchi1_imgbatchi3_predi2,2
156,mainbatchi1_imgbatchi3_predi5,154
157,mainbatchi1_imgbatchi3_predi4,108
158,mainbatchi1_imgbatchi4_predi1,2
159,mainbatchi1_imgbatchi4_predi2,98
160,mainbatchi1_imgbatchi4_predi0,2
161,mainbatchi1_imgbatchi4_predi3,1
162,mainbatchi1_imgbatchi5_predi6,128
163,mainbatchi1_imgbatchi5_predi0,120
164,mainbatchi1_imgbatchi5_predi22,178
165,mainbatchi1_imgbatchi5_predi1,60
166,mainbatchi1_imgbatchi5_predi3,191
167,mainbatchi1_imgbatchi5_predi11,175
168,mainbatchi1_imgbatchi5_predi30,142
169,mainbatchi1_imgbatchi5_predi2,171
170,mainbatchi1_imgbatchi6_predi0,1
171,mainbatchi1_imgbatchi6_predi1,61
172,mainbatchi1_imgbatchi6_predi2,115
173,mainbatchi1_imgbatchi6_predi3,108
174,mainbatchi1_imgbatchi6_predi4,6
175,mainbatchi1_imgbatchi7_predi3,191
176,mainbatchi1_imgbatchi7_predi5,191
177,mainbatchi1_imgbatchi7_predi6,191
178,mainbatchi1_imgbatchi7_predi7,64
179,mainbatchi1_imgbatchi7_predi0,2
180,mainbatchi1_imgbatchi7_predi4,1
181,mainbatchi1_imgbatchi7_predi1,1
182,mainbatchi1_imgbatchi7_predi2,1
183,mainbatchi1_imgbatchi8_predi0,191
184,mainbatchi1_imgbatchi8_predi1,197
185,mainbatchi1_imgbatchi8_predi3,191
186,mainbatchi1_imgbatchi9_predi1,154
187,mainbatchi1_imgbatchi9_predi3,160
188,mainbatchi1_imgbatchi9_predi2,157
189,mainbatchi1_imgbatchi9_predi0,6
190,mainbatchi1_imgbatchi10_predi4,2
191,mainbatchi1_imgbatchi10_predi1,191
192,mainbatchi1_imgbatchi10_predi0,60
193,mainbatchi1_imgbatchi11_predi3,141
194,mainbatchi1_imgbatchi11_predi4,1
195,mainbatchi1_imgbatchi11_predi5,141
196,mainbatchi1_imgbatchi11_predi0,98
197,mainbatchi1_imgbatchi11_predi6,1
198,mainbatchi1_imgbatchi11_predi2,181
199,mainbatchi1_imgbatchi12_predi0,111
200,mainbatchi1_imgbatchi12_predi1,2
201,mainbatchi1_imgbatchi12_predi3,111
202,mainbatchi1_imgbatchi12_predi2,6
203,mainbatchi1_imgbatchi13_predi1,4
204,mainbatchi1_imgbatchi13_predi2,1
205,mainbatchi1_imgbatchi13_predi0,1
206,mainbatchi1_imgbatchi14_predi3,191
207,mainbatchi1_imgbatchi14_predi2,191
208,mainbatchi1_imgbatchi14_predi1,98
209,mainbatchi1_imgbatchi14_predi0,64
210,mainbatchi1_imgbatchi14_predi4,1
211,mainbatchi1_imgbatchi15_predi0,65
212,mainbatchi1_imgbatchi15_predi1,41
213,mainbatchi1_imgbatchi16_predi2,68
214,mainbatchi1_imgbatchi16_predi3,204
215,mainbatchi1_imgbatchi16_predi1,2
216,mainbatchi1_imgbatchi16_predi0,6
217,mainbatchi1_imgbatchi17_predi4,1
218,mainbatchi1_imgbatchi17_predi3,157
219,mainbatchi1_imgbatchi17_predi1,86
220,mainbatchi1_imgbatchi17_predi0,1
221,mainbatchi1_imgbatchi17_predi2,25
222,mainbatchi1_imgbatchi17_predi5,2
223,mainbatchi1_imgbatchi18_predi1,191
224,mainbatchi1_imgbatchi18_predi2,126
225,mainbatchi1_imgbatchi18_predi4,191
226,mainbatchi1_imgbatchi18_predi0,74
227,mainbatchi1_imgbatchi18_predi7,216
228,mainbatchi1_imgbatchi18_predi3,126
229,mainbatchi1_imgbatchi19_predi5,12
230,mainbatchi1_imgbatchi19_predi0,202
231,mainbatchi1_imgbatchi19_predi1,141
232,mainbatchi1_imgbatchi19_predi2,191
233,mainbatchi1_imgbatchi19_predi4,128
234,mainbatchi1_imgbatchi19_predi3,191
235,mainbatchi1_imgbatchi20_predi0,108
236,mainbatchi1_imgbatchi20_predi1,215
237,mainbatchi1_imgbatchi20_predi2,142
238,mainbatchi1_imgbatchi21_predi0,197
239,mainbatchi1_imgbatchi21_predi1,119
240,mainbatchi1_imgbatchi21_predi2,157
241,mainbatchi1_imgbatchi22_predi0,106
242,mainbatchi1_imgbatchi23_predi1,151
243,mainbatchi1_imgbatchi23_predi0,212
244,mainbatchi1_imgbatchi24_predi2,61
245,mainbatchi1_imgbatchi24_predi1,213
246,mainbatchi1_imgbatchi24_predi0,2
247,mainbatchi1_imgbatchi24_predi4,193
248,mainbatchi1_imgbatchi25_predi2,191
249,mainbatchi1_imgbatchi25_predi3,200
250,mainbatchi1_imgbatchi25_predi1,12
251,mainbatchi1_imgbatchi25_predi4,197
252,mainbatchi1_imgbatchi25_predi0,1
253,mainbatchi1_imgbatchi26_predi3,166
254,mainbatchi1_imgbatchi26_predi5,128
255,mainbatchi1_imgbatchi26_predi0,1
256,mainbatchi1_imgbatchi26_predi6,98
257,mainbatchi1_imgbatchi26_predi1,178
258,mainbatchi1_imgbatchi26_predi2,191
259,mainbatchi1_imgbatchi27_predi2,2
260,mainbatchi1_imgbatchi27_predi5,2
261,mainbatchi1_imgbatchi27_predi0,1
262,mainbatchi1_imgbatchi27_predi6,98
263,mainbatchi1_imgbatchi27_predi1,215
264,mainbatchi1_imgbatchi27_predi4,197
265,mainbatchi1_imgbatchi27_predi3,2
266,mainbatchi1_imgbatchi28_predi8,196
267,mainbatchi1_imgbatchi28_predi6,115
268,mainbatchi1_imgbatchi28_predi2,108
269,mainbatchi1_imgbatchi28_predi4,180
270,mainbatchi1_imgbatchi28_predi13,191
271,mainbatchi1_imgbatchi28_predi1,61
272,mainbatchi1_imgbatchi28_predi0,1
273,mainbatchi1_imgbatchi29_predi4,168
274,mainbatchi1_imgbatchi29_predi3,127
275,mainbatchi1_imgbatchi29_predi1,65
276,mainbatchi1_imgbatchi29_predi0,56
277,mainbatchi1_imgbatchi29_predi2,1
278,mainbatchi1_imgbatchi30_predi6,185
279,mainbatchi1_imgbatchi30_predi2,2
280,mainbatchi1_imgbatchi30_predi4,47
281,mainbatchi1_imgbatchi30_predi5,119
282,mainbatchi1_imgbatchi30_predi0,2
283,mainbatchi1_imgbatchi30_predi1,2
284,mainbatchi1_imgbatchi30_predi3,197
285,mainbatchi1_imgbatchi30_predi7,178
286,mainbatchi1_imgbatchi31_predi0,98
287,mainbatchi1_imgbatchi31_predi3,119
288,mainbatchi1_imgbatchi31_predi2,191
289,mainbatchi1_imgbatchi31_predi1,111
290,mainbatchi2_imgbatchi0_predi1,98
291,mainbatchi2_imgbatchi0_predi0,31
292,mainbatchi2_imgbatchi0_predi3,191
293,mainbatchi2_imgbatchi1_predi3,2
294,mainbatchi2_imgbatchi1_predi1,215
295,mainbatchi2_imgbatchi1_predi2,45
296,mainbatchi2_imgbatchi1_predi0,60
297,mainbatchi2_imgbatchi2_predi1,6
298,mainbatchi2_imgbatchi2_predi4,128
299,mainbatchi2_imgbatchi2_predi2,12
300,mainbatchi2_imgbatchi2_predi0,106
301,mainbatchi2_imgbatchi3_predi1,215
302,mainbatchi2_imgbatchi3_predi0,108
303,mainbatchi2_imgbatchi4_predi1,39
304,mainbatchi2_imgbatchi4_predi0,216
305,mainbatchi2_imgbatchi5_predi5,85
306,mainbatchi2_imgbatchi5_predi1,110
307,mainbatchi2_imgbatchi5_predi0,6
308,mainbatchi2_imgbatchi5_predi2,181
309,mainbatchi2_imgbatchi5_predi3,176
310,mainbatchi2_imgbatchi6_predi0,45
311,mainbatchi2_imgbatchi6_predi2,103
312,mainbatchi2_imgbatchi6_predi1,197
313,mainbatchi2_imgbatchi7_predi0,111
314,mainbatchi2_imgbatchi7_predi1,2
315,mainbatchi2_imgbatchi8_predi1,208
316,mainbatchi2_imgbatchi8_predi3,193
317,mainbatchi2_imgbatchi8_predi7,186
318,mainbatchi2_imgbatchi8_predi0,8
319,mainbatchi2_imgbatchi8_predi10,197
320,mainbatchi2_imgbatchi8_predi8,160
321,mainbatchi2_imgbatchi8_predi5,191
322,mainbatchi2_imgbatchi8_predi2,191
323,mainbatchi2_imgbatchi9_predi2,2
324,mainbatchi2_imgbatchi9_predi0,64
325,mainbatchi2_imgbatchi9_predi1,2
326,mainbatchi2_imgbatchi10_predi1,111
327,mainbatchi2_imgbatchi10_predi0,63
328,mainbatchi2_imgbatchi10_predi3,141
329,mainbatchi2_imgbatchi10_predi2,191
330,mainbatchi2_imgbatchi11_predi2,142
331,mainbatchi2_imgbatchi11_predi0,6
332,mainbatchi2_imgbatchi11_predi1,1
333,mainbatchi2_imgbatchi12_predi3,215
334,mainbatchi2_imgbatchi12_predi1,111
335,mainbatchi2_imgbatchi12_predi2,111
336,mainbatchi2_imgbatchi12_predi0,2
337,mainbatchi2_imgbatchi13_predi0,2
338,mainbatchi2_imgbatchi13_predi1,128
339,mainbatchi2_imgbatchi13_predi2,176
340,mainbatchi2_imgbatchi13_predi4,197
341,mainbatchi2_imgbatchi13_predi3,191
342,mainbatchi2_imgbatchi13_predi6,128
343,mainbatchi2_imgbatchi13_predi5,178
344,mainbatchi2_imgbatchi14_predi27,157
345,mainbatchi2_imgbatchi14_predi4,1
346,mainbatchi2_imgbatchi14_predi0,2
347,mainbatchi2_imgbatchi14_predi1,68
348,mainbatchi2_imgbatchi14_predi2,6
349,mainbatchi2_imgbatchi15_predi3,12
350,mainbatchi2_imgbatchi15_predi0,65
351,mainbatchi2_imgbatchi15_predi1,6
352,mainbatchi2_imgbatchi16_predi1,6
353,mainbatchi2_imgbatchi16_predi0,216
354,mainbatchi2_imgbatchi16_predi2,200
355,mainbatchi2_imgbatchi17_predi1,6
356,mainbatchi2_imgbatchi17_predi4,157
357,mainbatchi2_imgbatchi17_predi2,98
358,mainbatchi2_imgbatchi17_predi3,176
359,mainbatchi2_imgbatchi17_predi0,216
360,mainbatchi2_imgbatchi18_predi2,197
361,mainbatchi2_imgbatchi18_predi0,12
362,mainbatchi2_imgbatchi18_predi1,127
363,mainbatchi2_imgbatchi18_predi3,197
364,mainbatchi2_imgbatchi19_predi1,98
365,mainbatchi2_imgbatchi19_predi3,58
366,mainbatchi2_imgbatchi19_predi0,6
367,mainbatchi2_imgbatchi20_predi2,176
368,mainbatchi2_imgbatchi20_predi1,6
369,mainbatchi2_imgbatchi20_predi0,216
370,mainbatchi2_imgbatchi21_predi10,154
371,mainbatchi2_imgbatchi21_predi2,187
372,mainbatchi2_imgbatchi21_predi1,140
373,mainbatchi2_imgbatchi21_predi5,187
374,mainbatchi2_imgbatchi21_predi0,197
375,mainbatchi2_imgbatchi21_predi3,120
376,mainbatchi2_imgbatchi21_predi4,60
377,mainbatchi2_imgbatchi22_predi0,2
378,mainbatchi2_imgbatchi22_predi3,2
379,mainbatchi2_imgbatchi22_predi1,142
380,mainbatchi2_imgbatchi23_predi1,12
381,mainbatchi2_imgbatchi23_predi4,128
382,mainbatchi2_imgbatchi23_predi0,216
383,mainbatchi2_imgbatchi23_predi2,176
384,mainbatchi2_imgbatchi24_predi1,71
385,mainbatchi2_imgbatchi24_predi2,200
386,mainbatchi2_imgbatchi24_predi3,128
387,mainbatchi2_imgbatchi24_predi0,31
388,mainbatchi2_imgbatchi25_predi6,180
389,mainbatchi2_imgbatchi25_predi4,191
390,mainbatchi2_imgbatchi25_predi2,108
391,mainbatchi2_imgbatchi25_predi0,61
392,mainbatchi2_imgbatchi25_predi5,115
393,mainbatchi2_imgbatchi25_predi9,37
394,mainbatchi2_imgbatchi25_predi11,12
395,mainbatchi2_imgbatchi25_predi1,1
396,mainbatchi2_imgbatchi26_predi2,6
397,mainbatchi2_imgbatchi26_predi0,18
398,mainbatchi2_imgbatchi26_predi1,47
399,mainbatchi2_imgbatchi26_predi3,193
400,mainbatchi2_imgbatchi27_predi4,6
401,mainbatchi2_imgbatchi27_predi0,111
402,mainbatchi2_imgbatchi27_predi5,140
403,mainbatchi2_imgbatchi27_predi1,6
404,mainbatchi2_imgbatchi27_predi2,193
405,mainbatchi2_imgbatchi28_predi0,2
406,mainbatchi2_imgbatchi28_predi3,191
407,mainbatchi2_imgbatchi28_predi1,12
408,mainbatchi2_imgbatchi28_predi4,191
409,mainbatchi2_imgbatchi28_predi2,1
410,mainbatchi2_imgbatchi29_predi0,58
411,mainbatchi2_imgbatchi29_predi3,31
412,mainbatchi2_imgbatchi29_predi4,63
413,mainbatchi2_imgbatchi29_predi2,142
414,mainbatchi2_imgbatchi30_predi1,115
415,mainbatchi2_imgbatchi30_predi0,73
416,mainbatchi2_imgbatchi31_predi3,47
417,mainbatchi2_imgbatchi31_predi5,103
418,mainbatchi2_imgbatchi31_predi1,191
419,mainbatchi2_imgbatchi31_predi2,127
420,mainbatchi2_imgbatchi31_predi0,65
421,mainbatchi3_imgbatchi0_predi0,1
422,mainbatchi3_imgbatchi0_predi2,12
423,mainbatchi3_imgbatchi0_predi1,119
424,mainbatchi3_imgbatchi1_predi3,204
425,mainbatchi3_imgbatchi1_predi6,65
426,mainbatchi3_imgbatchi1_predi2,197
427,mainbatchi3_imgbatchi1_predi5,71
428,mainbatchi3_imgbatchi1_predi0,31
429,mainbatchi3_imgbatchi1_predi1,191
430,mainbatchi3_imgbatchi1_predi4,45
431,mainbatchi3_imgbatchi1_predi46,88
432,mainbatchi3_imgbatchi2_predi1,160
433,mainbatchi3_imgbatchi2_predi0,43
434,mainbatchi3_imgbatchi3_predi2,209
435,mainbatchi3_imgbatchi3_predi0,98
436,mainbatchi3_imgbatchi3_predi1,191
437,mainbatchi3_imgbatchi3_predi3,64
438,mainbatchi3_imgbatchi4_predi3,34
439,mainbatchi3_imgbatchi4_predi2,191
440,mainbatchi3_imgbatchi4_predi0,4
441,mainbatchi3_imgbatchi4_predi1,119
442,mainbatchi3_imgbatchi5_predi7,191
443,mainbatchi3_imgbatchi5_predi3,197
444,mainbatchi3_imgbatchi5_predi0,2
445,mainbatchi3_imgbatchi5_predi6,131
446,mainbatchi3_imgbatchi5_predi1,71
447,mainbatchi3_imgbatchi5_predi2,191
448,mainbatchi3_imgbatchi5_predi5,171
449,mainbatchi3_imgbatchi5_predi4,131
450,mainbatchi3_imgbatchi5_predi14,2
451,mainbatchi3_imgbatchi6_predi1,171
452,mainbatchi3_imgbatchi6_predi0,64
453,mainbatchi3_imgbatchi7_predi3,2
454,mainbatchi3_imgbatchi7_predi0,60
455,mainbatchi3_imgbatchi7_predi4,141
456,mainbatchi3_imgbatchi7_predi1,215
457,mainbatchi3_imgbatchi7_predi2,45
458,mainbatchi3_imgbatchi7_predi7,193
459,mainbatchi3_imgbatchi8_predi2,4
460,mainbatchi3_imgbatchi8_predi0,85
461,mainbatchi3_imgbatchi8_predi1,2
462,mainbatchi3_imgbatchi9_predi2,2
463,mainbatchi3_imgbatchi9_predi1,2
464,mainbatchi3_imgbatchi9_predi5,178
465,mainbatchi3_imgbatchi9_predi4,2
466,mainbatchi3_imgbatchi9_predi0,1
467,mainbatchi3_imgbatchi9_predi3,1
468,mainbatchi3_imgbatchi10_predi2,187
469,mainbatchi3_imgbatchi10_predi8,171
470,mainbatchi3_imgbatchi10_predi1,1
471,mainbatchi3_imgbatchi10_predi0,2
472,mainbatchi3_imgbatchi10_predi4,200
473,mainbatchi3_imgbatchi10_predi3,197
474,mainbatchi3_imgbatchi10_predi5,204
475,mainbatchi3_imgbatchi11_predi0,2
476,mainbatchi3_imgbatchi11_predi2,213
477,mainbatchi3_imgbatchi12_predi2,127
478,mainbatchi3_imgbatchi12_predi1,197
479,mainbatchi3_imgbatchi12_predi0,12
480,mainbatchi3_imgbatchi13_predi0,34
481,mainbatchi3_imgbatchi13_predi1,216
482,mainbatchi3_imgbatchi14_predi1,191
483,mainbatchi3_imgbatchi14_predi3,209
484,mainbatchi3_imgbatchi14_predi2,64
485,mainbatchi3_imgbatchi14_predi0,69
486,mainbatchi3_imgbatchi15_predi2,50
487,mainbatchi3_imgbatchi15_predi0,106
488,mainbatchi3_imgbatchi15_predi1,6
489,mainbatchi3_imgbatchi15_predi11,171
490,mainbatchi3_imgbatchi15_predi3,95
491,mainbatchi3_imgbatchi16_predi1,89
492,mainbatchi3_imgbatchi16_predi0,85
493,mainbatchi3_imgbatchi16_predi2,108
494,mainbatchi3_imgbatchi17_predi3,191
495,mainbatchi3_imgbatchi17_predi0,98
496,mainbatchi3_imgbatchi17_predi2,119
497,mainbatchi3_imgbatchi17_predi1,111
498,mainbatchi3_imgbatchi18_predi3,193
499,mainbatchi3_imgbatchi18_predi1,68
500,mainbatchi3_imgbatchi18_predi2,216
501,mainbatchi3_imgbatchi18_predi4,112
502,mainbatchi3_imgbatchi18_predi0,216
503,mainbatchi3_imgbatchi19_predi4,65
504,mainbatchi3_imgbatchi19_predi6,174
505,mainbatchi3_imgbatchi19_predi1,54
506,mainbatchi3_imgbatchi19_predi0,65
507,mainbatchi3_imgbatchi19_predi3,127
508,mainbatchi3_imgbatchi20_predi0,12
509,mainbatchi3_imgbatchi20_predi4,121
510,mainbatchi3_imgbatchi20_predi2,129
511,mainbatchi3_imgbatchi20_predi1,191
512,mainbatchi3_imgbatchi20_predi10,128
513,mainbatchi3_imgbatchi21_predi2,127
514,mainbatchi3_imgbatchi21_predi1,197
515,mainbatchi3_imgbatchi21_predi0,12
516,mainbatchi3_imgbatchi22_predi0,106
517,mainbatchi3_imgbatchi23_predi0,6
518,mainbatchi3_imgbatchi24_predi0,51
519,mainbatchi3_imgbatchi24_predi1,200
520,mainbatchi3_imgbatchi24_predi2,58
521,mainbatchi3_imgbatchi25_predi0,154
522,mainbatchi3_imgbatchi25_predi2,204
523,mainbatchi3_imgbatchi25_predi3,142
524,mainbatchi3_imgbatchi25_predi1,142
525,mainbatchi3_imgbatchi26_predi1,27
526,mainbatchi3_imgbatchi26_predi2,69
527,mainbatchi3_imgbatchi26_predi0,71
528,mainbatchi3_imgbatchi27_predi0,63
529,mainbatchi3_imgbatchi27_predi1,6
530,mainbatchi3_imgbatchi27_predi2,191
531,mainbatchi3_imgbatchi28_predi2,129
532,mainbatchi3_imgbatchi28_predi0,210
533,mainbatchi3_imgbatchi28_predi3,108
534,mainbatchi3_imgbatchi28_predi1,1
535,mainbatchi3_imgbatchi29_predi3,116
536,mainbatchi3_imgbatchi29_predi7,110
537,mainbatchi3_imgbatchi29_predi6,119
538,mainbatchi3_imgbatchi29_predi10,1
539,mainbatchi3_imgbatchi29_predi1,98
540,mainbatchi3_imgbatchi29_predi2,215
541,mainbatchi3_imgbatchi29_predi4,142
542,mainbatchi3_imgbatchi29_predi0,85
543,mainbatchi3_imgbatchi29_predi14,12
544,mainbatchi3_imgbatchi29_predi5,12
545,mainbatchi3_imgbatchi29_predi11,110
546,mainbatchi3_imgbatchi29_predi8,12
547,mainbatchi3_imgbatchi30_predi1,151
548,mainbatchi3_imgbatchi30_predi2,142
549,mainbatchi3_imgbatchi30_predi3,216
550,mainbatchi3_imgbatchi30_predi0,6
551,mainbatchi3_imgbatchi31_predi1,191
552,mainbatchi3_imgbatchi31_predi0,71
553,mainbatchi4_imgbatchi0_predi3,197
554,mainbatchi4_imgbatchi0_predi1,63
555,mainbatchi4_imgbatchi0_predi0,109
556,mainbatchi4_imgbatchi0_predi4,1
557,mainbatchi4_imgbatchi0_predi2,191
558,mainbatchi4_imgbatchi1_predi1,53
559,mainbatchi4_imgbatchi1_predi2,191
560,mainbatchi4_imgbatchi1_predi0,114
561,mainbatchi4_imgbatchi2_predi7,160
562,mainbatchi4_imgbatchi2_predi0,212
563,mainbatchi4_imgbatchi2_predi2,197
564,mainbatchi4_imgbatchi2_predi4,206
565,mainbatchi4_imgbatchi2_predi3,98
566,mainbatchi4_imgbatchi2_predi1,6
567,mainbatchi4_imgbatchi3_predi6,98
568,mainbatchi4_imgbatchi3_predi9,6
569,mainbatchi4_imgbatchi3_predi2,43
570,mainbatchi4_imgbatchi3_predi3,110
571,mainbatchi4_imgbatchi3_predi4,54
572,mainbatchi4_imgbatchi3_predi0,103
573,mainbatchi4_imgbatchi3_predi8,6
574,mainbatchi4_imgbatchi3_predi5,6
575,mainbatchi4_imgbatchi3_predi11,12
576,mainbatchi4_imgbatchi3_predi24,1
577,mainbatchi4_imgbatchi3_predi1,71
578,mainbatchi4_imgbatchi3_predi7,12
579,mainbatchi4_imgbatchi4_predi2,62
580,mainbatchi4_imgbatchi4_predi0,47
581,mainbatchi4_imgbatchi4_predi1,58
582,mainbatchi4_imgbatchi4_predi3,191
583,mainbatchi4_imgbatchi4_predi6,111
584,mainbatchi4_imgbatchi4_predi5,160
585,mainbatchi4_imgbatchi4_predi4,71
586,mainbatchi4_imgbatchi4_predi7,6
587,mainbatchi4_imgbatchi5_predi0,191
588,mainbatchi4_imgbatchi5_predi1,6
589,mainbatchi4_imgbatchi6_predi1,142
590,mainbatchi4_imgbatchi6_predi0,2
591,mainbatchi4_imgbatchi7_predi0,215
592,mainbatchi4_imgbatchi7_predi3,191
593,mainbatchi4_imgbatchi7_predi2,111
594,mainbatchi4_imgbatchi7_predi4,151
595,mainbatchi4_imgbatchi7_predi1,1
596,mainbatchi4_imgbatchi8_predi1,142
597,mainbatchi4_imgbatchi8_predi3,157
598,mainbatchi4_imgbatchi8_predi2,142
599,mainbatchi4_imgbatchi9_predi2,55
600,mainbatchi4_imgbatchi9_predi4,178
601,mainbatchi4_imgbatchi9_predi5,191
602,mainbatchi4_imgbatchi9_predi3,2
603,mainbatchi4_imgbatchi9_predi1,1
604,mainbatchi4_imgbatchi9_predi6,160
605,mainbatchi4_imgbatchi9_predi0,1
606,mainbatchi4_imgbatchi10_predi2,98
607,mainbatchi4_imgbatchi10_predi0,65
608,mainbatchi4_imgbatchi10_predi1,108
609,mainbatchi4_imgbatchi11_predi10,142
610,mainbatchi4_imgbatchi11_predi2,12
611,mainbatchi4_imgbatchi11_predi4,154
612,mainbatchi4_imgbatchi11_predi3,197
613,mainbatchi4_imgbatchi11_predi1,98
614,mainbatchi4_imgbatchi11_predi0,74
615,mainbatchi4_imgbatchi12_predi0,111
616,mainbatchi4_imgbatchi12_predi8,21
617,mainbatchi4_imgbatchi12_predi1,212
618,mainbatchi4_imgbatchi12_predi5,31
619,mainbatchi4_imgbatchi13_predi2,2
620,mainbatchi4_imgbatchi13_predi1,128
621,mainbatchi4_imgbatchi13_predi0,2
622,mainbatchi4_imgbatchi14_predi0,145
623,mainbatchi4_imgbatchi14_predi2,71
624,mainbatchi4_imgbatchi14_predi3,142
625,mainbatchi4_imgbatchi14_predi7,191
626,mainbatchi4_imgbatchi15_predi2,98
627,mainbatchi4_imgbatchi15_predi1,120
628,mainbatchi4_imgbatchi15_predi0,27
629,mainbatchi4_imgbatchi16_predi6,27
630,mainbatchi4_imgbatchi16_predi3,139
631,mainbatchi4_imgbatchi16_predi1,68
632,mainbatchi4_imgbatchi16_predi2,136
633,mainbatchi4_imgbatchi16_predi0,31
634,mainbatchi4_imgbatchi16_predi4,98
635,mainbatchi4_imgbatchi16_predi5,46
636,mainbatchi4_imgbatchi16_predi7,69
637,mainbatchi4_imgbatchi17_predi0,141
638,mainbatchi4_imgbatchi17_predi1,58
639,mainbatchi4_imgbatchi18_predi0,58
640,mainbatchi4_imgbatchi18_predi1,6
641,mainbatchi4_imgbatchi19_predi2,127
642,mainbatchi4_imgbatchi19_predi1,191
643,mainbatchi4_imgbatchi19_predi0,4
644,mainbatchi4_imgbatchi19_predi6,71
645,mainbatchi4_imgbatchi20_predi0,1
646,mainbatchi4_imgbatchi20_predi2,98
647,mainbatchi4_imgbatchi20_predi1,58
648,mainbatchi4_imgbatchi21_predi3,87
649,mainbatchi4_imgbatchi21_predi2,63
650,mainbatchi4_imgbatchi21_predi1,85
651,mainbatchi4_imgbatchi21_predi4,43
652,mainbatchi4_imgbatchi21_predi0,45
653,mainbatchi4_imgbatchi22_predi2,108
654,mainbatchi4_imgbatchi22_predi0,115
655,mainbatchi4_imgbatchi22_predi1,166
656,mainbatchi4_imgbatchi23_predi0,109
657,mainbatchi4_imgbatchi23_predi1,63
658,mainbatchi4_imgbatchi24_predi1,212
659,mainbatchi4_imgbatchi24_predi2,212
660,mainbatchi4_imgbatchi24_predi0,141
661,mainbatchi4_imgbatchi24_predi3,122
662,mainbatchi4_imgbatchi24_predi6,212
663,mainbatchi4_imgbatchi25_predi5,4
664,mainbatchi4_imgbatchi25_predi3,191
665,mainbatchi4_imgbatchi25_predi8,191
666,mainbatchi4_imgbatchi25_predi0,47
667,mainbatchi4_imgbatchi25_predi2,58
668,mainbatchi4_imgbatchi25_predi6,191
669,mainbatchi4_imgbatchi25_predi1,63
670,mainbatchi4_imgbatchi25_predi4,6
671,mainbatchi4_imgbatchi26_predi1,2
672,mainbatchi4_imgbatchi26_predi0,1
673,mainbatchi4_imgbatchi27_predi0,27
674,mainbatchi4_imgbatchi28_predi2,140
675,mainbatchi4_imgbatchi28_predi3,191
676,mainbatchi4_imgbatchi28_predi4,1
677,mainbatchi4_imgbatchi28_predi0,213
678,mainbatchi4_imgbatchi28_predi1,1
679,mainbatchi4_imgbatchi29_predi0,98
680,mainbatchi4_imgbatchi29_predi1,2
681,mainbatchi4_imgbatchi29_predi2,128
682,mainbatchi4_imgbatchi29_predi3,128
683,mainbatchi4_imgbatchi30_predi2,63
684,mainbatchi4_imgbatchi30_predi3,52
685,mainbatchi4_imgbatchi30_predi1,108
686,mainbatchi4_imgbatchi30_predi4,68
687,mainbatchi4_imgbatchi30_predi0,12
688,mainbatchi4_imgbatchi31_predi2,6
689,mainbatchi4_imgbatchi31_predi0,6
690,mainbatchi4_imgbatchi31_predi3,6
691,mainbatchi4_imgbatchi31_predi5,4
692,mainbatchi4_imgbatchi31_predi1,144
693,mainbatchi5_imgbatchi0_predi4,191
694,mainbatchi5_imgbatchi0_predi6,142
695,mainbatchi5_imgbatchi0_predi5,189
696,mainbatchi5_imgbatchi0_predi3,183
697,mainbatchi5_imgbatchi0_predi1,1
698,mainbatchi5_imgbatchi0_predi2,151
699,mainbatchi5_imgbatchi0_predi7,1
700,mainbatchi5_imgbatchi0_predi12,1
701,mainbatchi5_imgbatchi0_predi0,1
702,mainbatchi5_imgbatchi1_predi1,166
703,mainbatchi5_imgbatchi1_predi2,12
704,mainbatchi5_imgbatchi1_predi0,191
705,mainbatchi5_imgbatchi2_predi3,167
706,mainbatchi5_imgbatchi2_predi1,141
707,mainbatchi5_imgbatchi2_predi0,4
708,mainbatchi5_imgbatchi2_predi4,178
709,mainbatchi5_imgbatchi2_predi2,122
710,mainbatchi5_imgbatchi3_predi2,136
711,mainbatchi5_imgbatchi3_predi3,1
712,mainbatchi5_imgbatchi3_predi0,1
713,mainbatchi5_imgbatchi3_predi1,2
714,mainbatchi5_imgbatchi4_predi2,177
715,mainbatchi5_imgbatchi4_predi0,43
716,mainbatchi5_imgbatchi4_predi1,68
717,mainbatchi5_imgbatchi4_predi3,128
718,mainbatchi5_imgbatchi5_predi0,71
719,mainbatchi5_imgbatchi5_predi2,191
720,mainbatchi5_imgbatchi6_predi2,6
721,mainbatchi5_imgbatchi6_predi4,128
722,mainbatchi5_imgbatchi6_predi3,128
723,mainbatchi5_imgbatchi6_predi0,12
724,mainbatchi5_imgbatchi6_predi1,6
725,mainbatchi5_imgbatchi7_predi1,61
726,mainbatchi5_imgbatchi7_predi3,140
727,mainbatchi5_imgbatchi7_predi0,71
728,mainbatchi5_imgbatchi8_predi4,151
729,mainbatchi5_imgbatchi8_predi1,1
730,mainbatchi5_imgbatchi8_predi3,178
731,mainbatchi5_imgbatchi8_predi0,121
732,mainbatchi5_imgbatchi8_predi2,128
733,mainbatchi5_imgbatchi9_predi3,141
734,mainbatchi5_imgbatchi9_predi1,213
735,mainbatchi5_imgbatchi9_predi2,191
736,mainbatchi5_imgbatchi9_predi0,2
737,mainbatchi5_imgbatchi9_predi4,196
738,mainbatchi5_imgbatchi9_predi5,128
739,mainbatchi5_imgbatchi9_predi28,58
740,mainbatchi5_imgbatchi10_predi0,2
741,mainbatchi5_imgbatchi10_predi1,1
742,mainbatchi5_imgbatchi10_predi2,141
743,mainbatchi5_imgbatchi11_predi0,27
744,mainbatchi5_imgbatchi11_predi1,1
745,mainbatchi5_imgbatchi12_predi3,193
746,mainbatchi5_imgbatchi12_predi1,108
747,mainbatchi5_imgbatchi12_predi0,5
748,mainbatchi5_imgbatchi12_predi2,58
749,mainbatchi5_imgbatchi13_predi3,181
750,mainbatchi5_imgbatchi13_predi1,6
751,mainbatchi5_imgbatchi13_predi4,128
752,mainbatchi5_imgbatchi13_predi2,202
753,mainbatchi5_imgbatchi14_predi5,193
754,mainbatchi5_imgbatchi14_predi2,2
755,mainbatchi5_imgbatchi14_predi0,140
756,mainbatchi5_imgbatchi14_predi1,191
757,mainbatchi5_imgbatchi14_predi3,191
758,mainbatchi5_imgbatchi15_predi0,6
759,mainbatchi5_imgbatchi15_predi1,142
760,mainbatchi5_imgbatchi16_predi1,69
761,mainbatchi5_imgbatchi16_predi3,157
762,mainbatchi5_imgbatchi16_predi5,215
763,mainbatchi5_imgbatchi16_predi2,69
764,mainbatchi5_imgbatchi16_predi0,216
765,mainbatchi5_imgbatchi17_predi0,52
766,mainbatchi5_imgbatchi17_predi5,142
767,mainbatchi5_imgbatchi17_predi1,213
768,mainbatchi5_imgbatchi17_predi2,187
769,mainbatchi5_imgbatchi17_predi7,142
770,mainbatchi5_imgbatchi17_predi4,141
771,mainbatchi5_imgbatchi18_predi2,98
772,mainbatchi5_imgbatchi18_predi4,112
773,mainbatchi5_imgbatchi18_predi1,183
774,mainbatchi5_imgbatchi18_predi0,215
775,mainbatchi5_imgbatchi19_predi0,74
776,mainbatchi5_imgbatchi20_predi0,58
777,mainbatchi5_imgbatchi21_predi5,171
778,mainbatchi5_imgbatchi21_predi0,109
779,mainbatchi5_imgbatchi21_predi3,191
780,mainbatchi5_imgbatchi21_predi4,71
781,mainbatchi5_imgbatchi21_predi2,60
782,mainbatchi5_imgbatchi21_predi1,41
783,mainbatchi5_imgbatchi22_predi3,191
784,mainbatchi5_imgbatchi22_predi0,71
785,mainbatchi5_imgbatchi22_predi6,192
786,mainbatchi5_imgbatchi22_predi4,73
787,mainbatchi5_imgbatchi22_predi2,128
788,mainbatchi5_imgbatchi22_predi1,111
789,mainbatchi5_imgbatchi23_predi2,160
790,mainbatchi5_imgbatchi23_predi0,108
791,mainbatchi5_imgbatchi23_predi1,193
792,mainbatchi5_imgbatchi23_predi3,58
793,mainbatchi5_imgbatchi24_predi0,120
794,mainbatchi5_imgbatchi24_predi2,191
795,mainbatchi5_imgbatchi24_predi1,4
796,mainbatchi5_imgbatchi24_predi3,128
797,mainbatchi5_imgbatchi24_predi4,191
798,mainbatchi5_imgbatchi25_predi0,142
799,mainbatchi5_imgbatchi25_predi4,216
800,mainbatchi5_imgbatchi25_predi2,46
801,mainbatchi5_imgbatchi25_predi3,197
802,mainbatchi5_imgbatchi25_predi1,108
803,mainbatchi5_imgbatchi26_predi2,14
804,mainbatchi5_imgbatchi26_predi3,193
805,mainbatchi5_imgbatchi26_predi1,34
806,mainbatchi5_imgbatchi26_predi0,1
807,mainbatchi5_imgbatchi26_predi4,128
808,mainbatchi5_imgbatchi26_predi5,121
809,mainbatchi5_imgbatchi27_predi1,98
810,mainbatchi5_imgbatchi27_predi4,119
811,mainbatchi5_imgbatchi28_predi0,12
812,mainbatchi5_imgbatchi29_predi0,44
813,mainbatchi5_imgbatchi29_predi1,94
814,mainbatchi5_imgbatchi29_predi3,154
815,mainbatchi5_imgbatchi29_predi2,107
816,mainbatchi5_imgbatchi30_predi0,58
817,mainbatchi5_imgbatchi30_predi3,191
818,mainbatchi5_imgbatchi30_predi11,142
819,mainbatchi5_imgbatchi30_predi2,128
820,mainbatchi5_imgbatchi30_predi1,1
821,mainbatchi5_imgbatchi30_predi4,52
822,mainbatchi5_imgbatchi30_predi5,187
823,mainbatchi5_imgbatchi31_predi2,191
824,mainbatchi5_imgbatchi31_predi5,136
825,mainbatchi5_imgbatchi31_predi0,47
826,mainbatchi5_imgbatchi31_predi4,200
827,mainbatchi5_imgbatchi31_predi6,157
828,mainbatchi5_imgbatchi31_predi1,111
829,mainbatchi5_imgbatchi31_predi3,157
830,mainbatchi6_imgbatchi0_predi3,210
831,mainbatchi6_imgbatchi0_predi1,215
832,mainbatchi6_imgbatchi0_predi2,68
833,mainbatchi6_imgbatchi0_predi0,37
834,mainbatchi6_imgbatchi1_predi1,208
835,mainbatchi6_imgbatchi1_predi2,108
836,mainbatchi6_imgbatchi1_predi6,1
837,mainbatchi6_imgbatchi1_predi0,58
838,mainbatchi6_imgbatchi1_predi9,60
839,mainbatchi6_imgbatchi2_predi1,119
840,mainbatchi6_imgbatchi2_predi4,191
841,mainbatchi6_imgbatchi2_predi0,119
842,mainbatchi6_imgbatchi3_predi5,98
843,mainbatchi6_imgbatchi3_predi2,46
844,mainbatchi6_imgbatchi3_predi0,63
845,mainbatchi6_imgbatchi3_predi6,98
846,mainbatchi6_imgbatchi3_predi1,2
847,mainbatchi6_imgbatchi3_predi4,126
848,mainbatchi6_imgbatchi3_predi3,191
849,mainbatchi6_imgbatchi4_predi0,128
850,mainbatchi6_imgbatchi4_predi1,193
851,mainbatchi6_imgbatchi4_predi2,158
852,mainbatchi6_imgbatchi4_predi4,157
853,mainbatchi6_imgbatchi5_predi0,2
854,mainbatchi6_imgbatchi5_predi1,142
855,mainbatchi6_imgbatchi5_predi2,1
856,mainbatchi6_imgbatchi6_predi6,216
857,mainbatchi6_imgbatchi6_predi2,151
858,mainbatchi6_imgbatchi6_predi1,200
859,mainbatchi6_imgbatchi6_predi35,157
860,mainbatchi6_imgbatchi6_predi4,178
861,mainbatchi6_imgbatchi7_predi4,140
862,mainbatchi6_imgbatchi7_predi2,215
863,mainbatchi6_imgbatchi7_predi3,142
864,mainbatchi6_imgbatchi7_predi1,1
865,mainbatchi6_imgbatchi7_predi0,1
866,mainbatchi6_imgbatchi8_predi0,1
867,mainbatchi6_imgbatchi8_predi2,193
868,mainbatchi6_imgbatchi8_predi1,2
869,mainbatchi6_imgbatchi8_predi3,171
870,mainbatchi6_imgbatchi8_predi17,3
871,mainbatchi6_imgbatchi9_predi1,116
872,mainbatchi6_imgbatchi9_predi2,191
873,mainbatchi6_imgbatchi9_predi0,27
874,mainbatchi6_imgbatchi9_predi4,191
875,mainbatchi6_imgbatchi9_predi5,193
876,mainbatchi6_imgbatchi10_predi2,128
877,mainbatchi6_imgbatchi10_predi1,1
878,mainbatchi6_imgbatchi10_predi3,1
879,mainbatchi6_imgbatchi10_predi0,1
880,mainbatchi6_imgbatchi10_predi4,160
881,mainbatchi6_imgbatchi11_predi3,12
882,mainbatchi6_imgbatchi11_predi0,1
883,mainbatchi6_imgbatchi11_predi2,191
884,mainbatchi6_imgbatchi11_predi4,140
885,mainbatchi6_imgbatchi11_predi5,127
886,mainbatchi6_imgbatchi12_predi1,202
887,mainbatchi6_imgbatchi12_predi2,204
888,mainbatchi6_imgbatchi12_predi0,103
889,mainbatchi6_imgbatchi12_predi19,68
890,mainbatchi6_imgbatchi13_predi0,111
891,mainbatchi6_imgbatchi13_predi4,151
892,mainbatchi6_imgbatchi13_predi3,52
893,mainbatchi6_imgbatchi13_predi6,111
894,mainbatchi6_imgbatchi13_predi2,122
895,mainbatchi6_imgbatchi13_predi7,6
896,mainbatchi6_imgbatchi13_predi8,58
897,mainbatchi6_imgbatchi13_predi5,151
898,mainbatchi6_imgbatchi13_predi9,1
899,mainbatchi6_imgbatchi13_predi1,1
900,mainbatchi6_imgbatchi14_predi0,63
901,mainbatchi6_imgbatchi14_predi2,139
902,mainbatchi6_imgbatchi14_predi1,45
903,mainbatchi6_imgbatchi14_predi4,1
904,mainbatchi6_imgbatchi15_predi4,1
905,mainbatchi6_imgbatchi15_predi0,191
906,mainbatchi6_imgbatchi15_predi2,154
907,mainbatchi6_imgbatchi16_predi4,128
908,mainbatchi6_imgbatchi16_predi1,128
909,mainbatchi6_imgbatchi16_predi2,1
910,mainbatchi6_imgbatchi16_predi0,98
911,mainbatchi6_imgbatchi17_predi1,191
912,mainbatchi6_imgbatchi17_predi4,50
913,mainbatchi6_imgbatchi17_predi6,1
914,mainbatchi6_imgbatchi17_predi7,210
915,mainbatchi6_imgbatchi17_predi5,142
916,mainbatchi6_imgbatchi17_predi3,139
917,mainbatchi6_imgbatchi17_predi0,2
918,mainbatchi6_imgbatchi17_predi2,142
919,mainbatchi6_imgbatchi18_predi0,2
920,mainbatchi6_imgbatchi18_predi2,189
921,mainbatchi6_imgbatchi18_predi1,1
922,mainbatchi6_imgbatchi18_predi4,1
923,mainbatchi6_imgbatchi18_predi3,1
924,mainbatchi6_imgbatchi20_predi0,5
925,mainbatchi6_imgbatchi20_predi2,4
926,mainbatchi6_imgbatchi20_predi1,54
927,mainbatchi6_imgbatchi21_predi1,215
928,mainbatchi6_imgbatchi21_predi0,99
929,mainbatchi6_imgbatchi22_predi0,39
930,mainbatchi6_imgbatchi22_predi4,12
931,mainbatchi6_imgbatchi22_predi1,65
932,mainbatchi6_imgbatchi22_predi3,128
933,mainbatchi6_imgbatchi22_predi2,69
934,mainbatchi6_imgbatchi23_predi4,191
935,mainbatchi6_imgbatchi23_predi1,191
936,mainbatchi6_imgbatchi23_predi2,46
937,mainbatchi6_imgbatchi23_predi10,202
938,mainbatchi6_imgbatchi23_predi8,143
939,mainbatchi6_imgbatchi23_predi7,204
940,mainbatchi6_imgbatchi23_predi3,204
941,mainbatchi6_imgbatchi23_predi0,12
942,mainbatchi6_imgbatchi24_predi1,103
943,mainbatchi6_imgbatchi24_predi0,108
944,mainbatchi6_imgbatchi25_predi0,47
945,mainbatchi6_imgbatchi25_predi3,1
946,mainbatchi6_imgbatchi25_predi1,58
947,mainbatchi6_imgbatchi25_predi2,71
948,mainbatchi6_imgbatchi25_predi4,111
949,mainbatchi6_imgbatchi26_predi7,196
950,mainbatchi6_imgbatchi26_predi5,197
951,mainbatchi6_imgbatchi26_predi3,191
952,mainbatchi6_imgbatchi26_predi2,191
953,mainbatchi6_imgbatchi26_predi10,197
954,mainbatchi6_imgbatchi26_predi4,167
955,mainbatchi6_imgbatchi26_predi1,151
956,mainbatchi6_imgbatchi26_predi8,191
957,mainbatchi6_imgbatchi26_predi9,197
958,mainbatchi6_imgbatchi26_predi6,5
959,mainbatchi6_imgbatchi26_predi0,1
960,mainbatchi6_imgbatchi27_predi0,98
961,mainbatchi6_imgbatchi27_predi2,32
962,mainbatchi6_imgbatchi27_predi1,44
963,mainbatchi6_imgbatchi28_predi1,197
964,mainbatchi6_imgbatchi28_predi2,140
965,mainbatchi6_imgbatchi28_predi4,142
966,mainbatchi6_imgbatchi28_predi3,111
967,mainbatchi6_imgbatchi28_predi0,142
968,mainbatchi6_imgbatchi28_predi5,1
969,mainbatchi6_imgbatchi29_predi0,63
970,mainbatchi6_imgbatchi30_predi2,1
971,mainbatchi6_imgbatchi30_predi1,2
972,mainbatchi6_imgbatchi30_predi3,151
973,mainbatchi6_imgbatchi30_predi0,1
974,mainbatchi6_imgbatchi30_predi4,208
975,mainbatchi6_imgbatchi30_predi6,1
976,mainbatchi6_imgbatchi30_predi5,1
977,mainbatchi6_imgbatchi31_predi2,14
978,mainbatchi6_imgbatchi31_predi14,191
979,mainbatchi6_imgbatchi31_predi0,2
980,mainbatchi6_imgbatchi31_predi3,151
981,mainbatchi7_imgbatchi0_predi0,173
982,mainbatchi7_imgbatchi0_predi3,157
983,mainbatchi7_imgbatchi1_predi0,212
984,mainbatchi7_imgbatchi1_predi3,213
985,mainbatchi7_imgbatchi1_predi2,215
986,mainbatchi7_imgbatchi2_predi7,212
987,mainbatchi7_imgbatchi2_predi1,1
988,mainbatchi7_imgbatchi2_predi0,1
989,mainbatchi7_imgbatchi2_predi2,191
990,mainbatchi7_imgbatchi2_predi17,173
991,mainbatchi7_imgbatchi2_predi3,4
992,mainbatchi7_imgbatchi3_predi3,142
993,mainbatchi7_imgbatchi3_predi5,171
994,mainbatchi7_imgbatchi3_predi4,98
995,mainbatchi7_imgbatchi3_predi2,128
996,mainbatchi7_imgbatchi3_predi1,1
997,mainbatchi7_imgbatchi3_predi0,1
998,mainbatchi7_imgbatchi4_predi1,88
999,mainbatchi7_imgbatchi4_predi0,141
1000,mainbatchi7_imgbatchi4_predi2,193
1001,mainbatchi7_imgbatchi5_predi8,128
1002,mainbatchi7_imgbatchi5_predi1,191
1003,mainbatchi7_imgbatchi5_predi4,157
1004,mainbatchi7_imgbatchi5_predi0,138
1005,mainbatchi7_imgbatchi5_predi2,216
1006,mainbatchi7_imgbatchi6_predi5,63
1007,mainbatchi7_imgbatchi6_predi0,41
1008,mainbatchi7_imgbatchi6_predi1,98
1009,mainbatchi7_imgbatchi6_predi2,1
1010,mainbatchi7_imgbatchi7_predi1,98
1011,mainbatchi7_imgbatchi7_predi0,63
1012,mainbatchi7_imgbatchi8_predi5,151
1013,mainbatchi7_imgbatchi8_predi13,191
1014,mainbatchi7_imgbatchi8_predi6,6
1015,mainbatchi7_imgbatchi8_predi0,1
1016,mainbatchi7_imgbatchi8_predi2,29
1017,mainbatchi7_imgbatchi8_predi7,2
1018,mainbatchi7_imgbatchi8_predi3,6
1019,mainbatchi7_imgbatchi8_predi1,215
1020,mainbatchi7_imgbatchi9_predi5,12
1021,mainbatchi7_imgbatchi9_predi2,141
1022,mainbatchi7_imgbatchi9_predi9,191
1023,mainbatchi7_imgbatchi9_predi0,1
1024,mainbatchi7_imgbatchi9_predi1,141
1025,mainbatchi7_imgbatchi9_predi3,139
1026,mainbatchi7_imgbatchi9_predi6,1
1027,mainbatchi7_imgbatchi9_predi4,63
1028,mainbatchi7_imgbatchi10_predi3,98
1029,mainbatchi7_imgbatchi10_predi4,215
1030,mainbatchi7_imgbatchi10_predi0,1
1031,mainbatchi7_imgbatchi10_predi2,119
1032,mainbatchi7_imgbatchi10_predi1,1
1033,mainbatchi7_imgbatchi11_predi1,43
1034,mainbatchi7_imgbatchi11_predi0,23
1035,mainbatchi7_imgbatchi12_predi0,85
1036,mainbatchi7_imgbatchi12_predi4,216
1037,mainbatchi7_imgbatchi12_predi1,196
1038,mainbatchi7_imgbatchi12_predi2,27
1039,mainbatchi7_imgbatchi13_predi0,63
1040,mainbatchi7_imgbatchi13_predi1,1
1041,mainbatchi7_imgbatchi13_predi2,191
1042,mainbatchi7_imgbatchi13_predi3,191
1043,mainbatchi7_imgbatchi13_predi4,178
1044,mainbatchi7_imgbatchi14_predi0,142
1045,mainbatchi7_imgbatchi14_predi2,108
1046,mainbatchi7_imgbatchi15_predi0,94
1047,mainbatchi7_imgbatchi15_predi2,45
1048,mainbatchi7_imgbatchi15_predi1,190
1049,mainbatchi7_imgbatchi16_predi2,139
1050,mainbatchi7_imgbatchi16_predi5,128
1051,mainbatchi7_imgbatchi16_predi1,191
1052,mainbatchi7_imgbatchi16_predi0,1
1053,mainbatchi7_imgbatchi17_predi3,1
1054,mainbatchi7_imgbatchi17_predi1,61
1055,mainbatchi7_imgbatchi17_predi0,63
1056,mainbatchi7_imgbatchi18_predi1,141
1057,mainbatchi7_imgbatchi18_predi4,147
1058,mainbatchi7_imgbatchi18_predi3,139
1059,mainbatchi7_imgbatchi18_predi2,191
1060,mainbatchi7_imgbatchi18_predi0,160
1061,mainbatchi7_imgbatchi19_predi0,178
1062,mainbatchi7_imgbatchi19_predi1,145
1063,mainbatchi7_imgbatchi20_predi0,74
1064,mainbatchi7_imgbatchi21_predi0,68
1065,mainbatchi7_imgbatchi21_predi1,191
1066,mainbatchi7_imgbatchi22_predi2,63
1067,mainbatchi7_imgbatchi22_predi0,111
1068,mainbatchi7_imgbatchi22_predi5,215
1069,mainbatchi7_imgbatchi22_predi3,27
1070,mainbatchi7_imgbatchi23_predi1,110
1071,mainbatchi7_imgbatchi23_predi6,115
1072,mainbatchi7_imgbatchi23_predi4,86
1073,mainbatchi7_imgbatchi23_predi2,154
1074,mainbatchi7_imgbatchi23_predi0,181
1075,mainbatchi7_imgbatchi24_predi4,216
1076,mainbatchi7_imgbatchi24_predi3,151
1077,mainbatchi7_imgbatchi24_predi0,2
1078,mainbatchi7_imgbatchi24_predi2,191
1079,mainbatchi7_imgbatchi24_predi1,1
1080,mainbatchi7_imgbatchi25_predi2,2
1081,mainbatchi7_imgbatchi25_predi5,128
1082,mainbatchi7_imgbatchi25_predi1,215
1083,mainbatchi7_imgbatchi25_predi0,119
1084,mainbatchi7_imgbatchi26_predi3,197
1085,mainbatchi7_imgbatchi26_predi1,2
1086,mainbatchi7_imgbatchi26_predi0,215
1087,mainbatchi7_imgbatchi26_predi26,191
1088,mainbatchi7_imgbatchi27_predi1,213
1089,mainbatchi7_imgbatchi27_predi0,136
1090,mainbatchi7_imgbatchi27_predi2,191
1091,mainbatchi7_imgbatchi28_predi0,1
1092,mainbatchi7_imgbatchi28_predi1,43
1093,mainbatchi7_imgbatchi28_predi5,178
1094,mainbatchi7_imgbatchi28_predi6,2
1095,mainbatchi7_imgbatchi28_predi3,1
1096,mainbatchi7_imgbatchi28_predi4,1
1097,mainbatchi7_imgbatchi29_predi10,191
1098,mainbatchi7_imgbatchi29_predi2,4
1099,mainbatchi7_imgbatchi29_predi3,191
1100,mainbatchi7_imgbatchi29_predi4,191
1101,mainbatchi7_imgbatchi29_predi0,191
1102,mainbatchi7_imgbatchi29_predi1,191
1103,mainbatchi7_imgbatchi30_predi3,27
1104,mainbatchi7_imgbatchi30_predi4,128
1105,mainbatchi7_imgbatchi30_predi6,191
1106,mainbatchi7_imgbatchi30_predi5,96
1107,mainbatchi7_imgbatchi30_predi15,111
1108,mainbatchi7_imgbatchi30_predi1,108
1109,mainbatchi7_imgbatchi30_predi14,12
1110,mainbatchi7_imgbatchi30_predi9,44
1111,mainbatchi7_imgbatchi30_predi0,1
1112,mainbatchi7_imgbatchi30_predi2,66
1113,mainbatchi7_imgbatchi31_predi1,204
1114,mainbatchi7_imgbatchi31_predi0,1
1115,mainbatchi8_imgbatchi0_predi2,98
1116,mainbatchi8_imgbatchi0_predi3,171
1117,mainbatchi8_imgbatchi0_predi1,65
1118,mainbatchi8_imgbatchi0_predi16,128
1119,mainbatchi8_imgbatchi0_predi9,27
1120,mainbatchi8_imgbatchi0_predi4,2
1121,mainbatchi8_imgbatchi0_predi7,6
1122,mainbatchi8_imgbatchi0_predi29,12
1123,mainbatchi8_imgbatchi0_predi0,213
1124,mainbatchi8_imgbatchi1_predi1,111
1125,mainbatchi8_imgbatchi1_predi2,158
1126,mainbatchi8_imgbatchi1_predi4,43
1127,mainbatchi8_imgbatchi1_predi0,44
1128,mainbatchi8_imgbatchi1_predi3,128
1129,mainbatchi8_imgbatchi2_predi3,6
1130,mainbatchi8_imgbatchi2_predi0,109
1131,mainbatchi8_imgbatchi2_predi1,43
1132,mainbatchi8_imgbatchi2_predi4,6
1133,mainbatchi8_imgbatchi2_predi2,44
1134,mainbatchi8_imgbatchi3_predi1,140
1135,mainbatchi8_imgbatchi3_predi0,74
1136,mainbatchi8_imgbatchi3_predi2,136
1137,mainbatchi8_imgbatchi4_predi0,200
1138,mainbatchi8_imgbatchi4_predi4,141
1139,mainbatchi8_imgbatchi4_predi1,108
1140,mainbatchi8_imgbatchi4_predi2,151
1141,mainbatchi8_imgbatchi4_predi3,142
1142,mainbatchi8_imgbatchi5_predi2,111
1143,mainbatchi8_imgbatchi5_predi3,58
1144,mainbatchi8_imgbatchi5_predi1,69
1145,mainbatchi8_imgbatchi5_predi0,98
1146,mainbatchi8_imgbatchi6_predi4,191
1147,mainbatchi8_imgbatchi6_predi0,2
1148,mainbatchi8_imgbatchi6_predi5,160
1149,mainbatchi8_imgbatchi6_predi3,168
1150,mainbatchi8_imgbatchi6_predi1,6
1151,mainbatchi8_imgbatchi6_predi2,6
1152,mainbatchi8_imgbatchi7_predi2,187
1153,mainbatchi8_imgbatchi7_predi0,12
1154,mainbatchi8_imgbatchi7_predi1,151
1155,mainbatchi8_imgbatchi8_predi2,197
1156,mainbatchi8_imgbatchi8_predi3,209
1157,mainbatchi8_imgbatchi8_predi0,111
1158,mainbatchi8_imgbatchi8_predi1,3
1159,mainbatchi8_imgbatchi9_predi1,191
1160,mainbatchi8_imgbatchi9_predi4,98
1161,mainbatchi8_imgbatchi9_predi0,137
1162,mainbatchi8_imgbatchi10_predi1,136
1163,mainbatchi8_imgbatchi10_predi2,191
1164,mainbatchi8_imgbatchi10_predi0,61
1165,mainbatchi8_imgbatchi11_predi5,140
1166,mainbatchi8_imgbatchi11_predi4,191
1167,mainbatchi8_imgbatchi11_predi3,191
1168,mainbatchi8_imgbatchi11_predi1,1
1169,mainbatchi8_imgbatchi11_predi2,142
1170,mainbatchi8_imgbatchi11_predi0,2
1171,mainbatchi8_imgbatchi12_predi2,98
1172,mainbatchi8_imgbatchi12_predi0,139
1173,mainbatchi8_imgbatchi13_predi0,44
1174,mainbatchi8_imgbatchi14_predi1,191
1175,mainbatchi8_imgbatchi14_predi3,191
1176,mainbatchi8_imgbatchi14_predi5,5
1177,mainbatchi8_imgbatchi14_predi2,78
1178,mainbatchi8_imgbatchi14_predi0,1
1179,mainbatchi8_imgbatchi15_predi3,178
1180,mainbatchi8_imgbatchi15_predi2,191
1181,mainbatchi8_imgbatchi15_predi1,191
1182,mainbatchi8_imgbatchi15_predi0,2
1183,mainbatchi8_imgbatchi15_predi12,191
1184,mainbatchi8_imgbatchi16_predi0,151
1185,mainbatchi8_imgbatchi16_predi2,98
1186,mainbatchi8_imgbatchi17_predi0,98
1187,mainbatchi8_imgbatchi17_predi2,110
1188,mainbatchi8_imgbatchi17_predi1,63
1189,mainbatchi8_imgbatchi17_predi3,108
1190,mainbatchi8_imgbatchi18_predi1,136
1191,mainbatchi8_imgbatchi18_predi0,6
1192,mainbatchi8_imgbatchi19_predi3,216
1193,mainbatchi8_imgbatchi19_predi1,216
1194,mainbatchi8_imgbatchi19_predi2,212
1195,mainbatchi8_imgbatchi19_predi0,216
1196,mainbatchi8_imgbatchi20_predi0,111
1197,mainbatchi8_imgbatchi20_predi1,111
1198,mainbatchi8_imgbatchi21_predi0,139
1199,mainbatchi8_imgbatchi21_predi5,12
1200,mainbatchi8_imgbatchi22_predi3,142
1201,mainbatchi8_imgbatchi22_predi2,139
1202,mainbatchi8_imgbatchi22_predi1,74
1203,mainbatchi8_imgbatchi22_predi5,56
1204,mainbatchi8_imgbatchi22_predi7,131
1205,mainbatchi8_imgbatchi22_predi4,6
1206,mainbatchi8_imgbatchi22_predi0,98
1207,mainbatchi8_imgbatchi23_predi2,151
1208,mainbatchi8_imgbatchi23_predi9,142
1209,mainbatchi8_imgbatchi23_predi1,151
1210,mainbatchi8_imgbatchi23_predi0,215
1211,mainbatchi8_imgbatchi24_predi1,108
1212,mainbatchi8_imgbatchi24_predi0,63
1213,mainbatchi8_imgbatchi25_predi0,209
1214,mainbatchi8_imgbatchi25_predi3,63
1215,mainbatchi8_imgbatchi26_predi2,111
1216,mainbatchi8_imgbatchi26_predi3,142
1217,mainbatchi8_imgbatchi26_predi4,141
1218,mainbatchi8_imgbatchi26_predi1,47
1219,mainbatchi8_imgbatchi26_predi0,62
1220,mainbatchi8_imgbatchi27_predi0,2
1221,mainbatchi8_imgbatchi27_predi2,191
1222,mainbatchi8_imgbatchi28_predi1,191
1223,mainbatchi8_imgbatchi28_predi0,109
1224,mainbatchi8_imgbatchi29_predi3,141
1225,mainbatchi8_imgbatchi29_predi1,128
1226,mainbatchi8_imgbatchi29_predi0,142
1227,mainbatchi8_imgbatchi29_predi2,111
1228,mainbatchi8_imgbatchi29_predi4,1
1229,mainbatchi8_imgbatchi30_predi36,12
1230,mainbatchi8_imgbatchi30_predi2,98
1231,mainbatchi8_imgbatchi30_predi1,110
1232,mainbatchi8_imgbatchi30_predi0,191
1233,mainbatchi8_imgbatchi31_predi0,98
1234,mainbatchi9_imgbatchi0_predi15,63
1235,mainbatchi9_imgbatchi0_predi4,151
1236,mainbatchi9_imgbatchi0_predi1,2
1237,mainbatchi9_imgbatchi0_predi2,193
1238,mainbatchi9_imgbatchi0_predi0,1
1239,mainbatchi9_imgbatchi0_predi3,200
1240,mainbatchi9_imgbatchi0_predi7,197
1241,mainbatchi9_imgbatchi1_predi3,212
1242,mainbatchi9_imgbatchi1_predi7,1
1243,mainbatchi9_imgbatchi1_predi2,139
1244,mainbatchi9_imgbatchi1_predi0,141
1245,mainbatchi9_imgbatchi1_predi10,128
1246,mainbatchi9_imgbatchi1_predi1,151
1247,mainbatchi9_imgbatchi1_predi4,208
1248,mainbatchi9_imgbatchi1_predi5,191
1249,mainbatchi9_imgbatchi2_predi8,1
1250,mainbatchi9_imgbatchi2_predi5,191
1251,mainbatchi9_imgbatchi2_predi7,4
1252,mainbatchi9_imgbatchi2_predi6,136
1253,mainbatchi9_imgbatchi2_predi2,191
1254,mainbatchi9_imgbatchi2_predi1,142
1255,mainbatchi9_imgbatchi2_predi3,191
1256,mainbatchi9_imgbatchi2_predi4,189
1257,mainbatchi9_imgbatchi2_predi0,1
1258,mainbatchi9_imgbatchi3_predi0,139
1259,mainbatchi9_imgbatchi3_predi1,104
1260,mainbatchi9_imgbatchi4_predi1,154
1261,mainbatchi9_imgbatchi4_predi0,216
1262,mainbatchi9_imgbatchi5_predi3,142
1263,mainbatchi9_imgbatchi5_predi4,149
1264,mainbatchi9_imgbatchi5_predi2,142
1265,mainbatchi9_imgbatchi5_predi0,213
1266,mainbatchi9_imgbatchi6_predi0,27
1267,mainbatchi9_imgbatchi7_predi0,63
1268,mainbatchi9_imgbatchi7_predi3,139
1269,mainbatchi9_imgbatchi7_predi1,193
1270,mainbatchi9_imgbatchi7_predi2,154
1271,mainbatchi9_imgbatchi8_predi0,16
1272,mainbatchi9_imgbatchi8_predi2,215
1273,mainbatchi9_imgbatchi8_predi4,160
1274,mainbatchi9_imgbatchi8_predi1,215
1275,mainbatchi9_imgbatchi8_predi3,120
1276,mainbatchi9_imgbatchi9_predi0,136
1277,mainbatchi9_imgbatchi10_predi2,202
1278,mainbatchi9_imgbatchi10_predi0,2
1279,mainbatchi9_imgbatchi10_predi1,6
1280,mainbatchi9_imgbatchi11_predi0,47
1281,mainbatchi9_imgbatchi11_predi3,111
1282,mainbatchi9_imgbatchi11_predi2,71
1283,mainbatchi9_imgbatchi11_predi4,160
1284,mainbatchi9_imgbatchi11_predi1,58
1285,mainbatchi9_imgbatchi12_predi31,191
1286,mainbatchi9_imgbatchi12_predi28,119
1287,mainbatchi9_imgbatchi12_predi0,31
1288,mainbatchi9_imgbatchi12_predi5,191
1289,mainbatchi9_imgbatchi12_predi7,1
1290,mainbatchi9_imgbatchi12_predi2,215
1291,mainbatchi9_imgbatchi12_predi3,1
1292,mainbatchi9_imgbatchi12_predi1,69
1293,mainbatchi9_imgbatchi13_predi2,191
1294,mainbatchi9_imgbatchi13_predi1,27
1295,mainbatchi9_imgbatchi13_predi10,157
1296,mainbatchi9_imgbatchi13_predi0,1
1297,mainbatchi9_imgbatchi13_predi4,191
1298,mainbatchi9_imgbatchi13_predi5,160
1299,mainbatchi9_imgbatchi13_predi6,121
1300,mainbatchi9_imgbatchi13_predi3,64
1301,mainbatchi9_imgbatchi14_predi4,191
1302,mainbatchi9_imgbatchi14_predi0,27
1303,mainbatchi9_imgbatchi14_predi1,22
1304,mainbatchi9_imgbatchi14_predi2,1
1305,mainbatchi9_imgbatchi15_predi0,63
1306,mainbatchi9_imgbatchi15_predi1,125
1307,mainbatchi9_imgbatchi16_predi5,142
1308,mainbatchi9_imgbatchi16_predi4,157
1309,mainbatchi9_imgbatchi16_predi7,191
1310,mainbatchi9_imgbatchi16_predi0,1
1311,mainbatchi9_imgbatchi16_predi2,1
1312,mainbatchi9_imgbatchi16_predi6,215
1313,mainbatchi9_imgbatchi16_predi3,17
1314,mainbatchi9_imgbatchi16_predi1,151
1315,mainbatchi9_imgbatchi17_predi1,212
1316,mainbatchi9_imgbatchi17_predi0,98
1317,mainbatchi9_imgbatchi18_predi2,46
1318,mainbatchi9_imgbatchi18_predi1,1
1319,mainbatchi9_imgbatchi18_predi3,4
1320,mainbatchi9_imgbatchi18_predi0,197
1321,mainbatchi9_imgbatchi18_predi8,191
1322,mainbatchi9_imgbatchi19_predi2,141
1323,mainbatchi9_imgbatchi19_predi3,204
1324,mainbatchi9_imgbatchi19_predi1,27
1325,mainbatchi9_imgbatchi19_predi0,128
1326,mainbatchi9_imgbatchi20_predi0,71
1327,mainbatchi9_imgbatchi20_predi1,37
1328,mainbatchi9_imgbatchi21_predi2,136
1329,mainbatchi9_imgbatchi21_predi1,215
1330,mainbatchi9_imgbatchi21_predi5,1
1331,mainbatchi9_imgbatchi21_predi4,151
1332,mainbatchi9_imgbatchi21_predi0,2
1333,mainbatchi9_imgbatchi22_predi2,115
1334,mainbatchi9_imgbatchi22_predi1,216
1335,mainbatchi9_imgbatchi22_predi5,63
1336,mainbatchi9_imgbatchi22_predi0,142
1337,mainbatchi9_imgbatchi23_predi0,68
1338,mainbatchi9_imgbatchi24_predi0,191
1339,mainbatchi9_imgbatchi24_predi12,189
1340,mainbatchi9_imgbatchi24_predi2,191
1341,mainbatchi9_imgbatchi24_predi4,191
1342,mainbatchi9_imgbatchi24_predi3,139
1343,mainbatchi9_imgbatchi25_predi3,191
1344,mainbatchi9_imgbatchi25_predi2,100
1345,mainbatchi9_imgbatchi25_predi5,45
1346,mainbatchi9_imgbatchi25_predi8,58
1347,mainbatchi9_imgbatchi25_predi7,157
1348,mainbatchi9_imgbatchi25_predi11,157
1349,mainbatchi9_imgbatchi25_predi0,47
1350,mainbatchi9_imgbatchi25_predi1,6
1351,mainbatchi9_imgbatchi26_predi0,1
1352,mainbatchi9_imgbatchi26_predi1,1
1353,mainbatchi9_imgbatchi27_predi3,157
1354,mainbatchi9_imgbatchi27_predi2,63
1355,mainbatchi9_imgbatchi27_predi1,216
1356,mainbatchi9_imgbatchi27_predi20,160
1357,mainbatchi9_imgbatchi27_predi0,110
1358,mainbatchi9_imgbatchi28_predi15,63
1359,mainbatchi9_imgbatchi28_predi0,1
1360,mainbatchi9_imgbatchi28_predi1,191
1361,mainbatchi9_imgbatchi28_predi3,191
1362,mainbatchi9_imgbatchi28_predi2,65
1363,mainbatchi9_imgbatchi28_predi31,68
1364,mainbatchi9_imgbatchi28_predi4,120
1365,mainbatchi9_imgbatchi28_predi5,63
1366,mainbatchi9_imgbatchi28_predi6,210
1367,mainbatchi9_imgbatchi29_predi4,157
1368,mainbatchi9_imgbatchi29_predi0,191
1369,mainbatchi9_imgbatchi29_predi2,142
1370,mainbatchi9_imgbatchi29_predi3,1
1371,mainbatchi9_imgbatchi29_predi1,1
1372,mainbatchi9_imgbatchi30_predi6,98
1373,mainbatchi9_imgbatchi30_predi20,108
1374,mainbatchi9_imgbatchi30_predi2,110
1375,mainbatchi9_imgbatchi30_predi0,31
1376,mainbatchi9_imgbatchi30_predi5,58
1377,mainbatchi9_imgbatchi30_predi1,6
1378,mainbatchi9_imgbatchi31_predi1,158
1379,mainbatchi9_imgbatchi31_predi3,43
1380,mainbatchi9_imgbatchi31_predi2,69
1381,mainbatchi9_imgbatchi31_predi5,111
1382,mainbatchi9_imgbatchi31_predi0,44
1383,mainbatchi9_imgbatchi31_predi4,63
1384,mainbatchi10_imgbatchi0_predi1,98
1385,mainbatchi10_imgbatchi0_predi0,1
1386,mainbatchi10_imgbatchi0_predi2,110
1387,mainbatchi10_imgbatchi0_predi3,142
1388,mainbatchi10_imgbatchi1_predi1,215
1389,mainbatchi10_imgbatchi1_predi0,45
1390,mainbatchi10_imgbatchi1_predi5,212
1391,mainbatchi10_imgbatchi2_predi5,65
1392,mainbatchi10_imgbatchi2_predi2,12
1393,mainbatchi10_imgbatchi2_predi4,142
1394,mainbatchi10_imgbatchi2_predi0,66
1395,mainbatchi10_imgbatchi2_predi1,73
1396,mainbatchi10_imgbatchi3_predi11,190
1397,mainbatchi10_imgbatchi3_predi0,157
1398,mainbatchi10_imgbatchi3_predi1,68
1399,mainbatchi10_imgbatchi3_predi13,191
1400,mainbatchi10_imgbatchi4_predi3,191
1401,mainbatchi10_imgbatchi4_predi0,1
1402,mainbatchi10_imgbatchi4_predi2,98
1403,mainbatchi10_imgbatchi4_predi1,142
1404,mainbatchi10_imgbatchi5_predi2,98
1405,mainbatchi10_imgbatchi5_predi5,154
1406,mainbatchi10_imgbatchi5_predi6,128
1407,mainbatchi10_imgbatchi5_predi1,107
1408,mainbatchi10_imgbatchi5_predi3,191
1409,mainbatchi10_imgbatchi5_predi4,1
1410,mainbatchi10_imgbatchi5_predi0,5
1411,mainbatchi10_imgbatchi6_predi0,98
1412,mainbatchi10_imgbatchi6_predi5,69
1413,mainbatchi10_imgbatchi6_predi2,141
1414,mainbatchi10_imgbatchi6_predi1,160
1415,mainbatchi10_imgbatchi7_predi1,121
1416,mainbatchi10_imgbatchi7_predi3,191
1417,mainbatchi10_imgbatchi8_predi5,216
1418,mainbatchi10_imgbatchi8_predi1,216
1419,mainbatchi10_imgbatchi9_predi0,102
1420,mainbatchi10_imgbatchi9_predi2,191
1421,mainbatchi10_imgbatchi9_predi1,190
1422,mainbatchi10_imgbatchi10_predi1,136
1423,mainbatchi10_imgbatchi10_predi2,47
1424,mainbatchi10_imgbatchi10_predi0,216
1425,mainbatchi10_imgbatchi11_predi1,189
1426,mainbatchi10_imgbatchi11_predi2,175
1427,mainbatchi10_imgbatchi11_predi0,108
1428,mainbatchi10_imgbatchi12_predi4,204
1429,mainbatchi10_imgbatchi12_predi1,12
1430,mainbatchi10_imgbatchi12_predi5,6
1431,mainbatchi10_imgbatchi12_predi2,209
1432,mainbatchi10_imgbatchi12_predi3,73
1433,mainbatchi10_imgbatchi12_predi0,6
1434,mainbatchi10_imgbatchi13_predi4,63
1435,mainbatchi10_imgbatchi13_predi1,45
1436,mainbatchi10_imgbatchi13_predi3,12
1437,mainbatchi10_imgbatchi13_predi2,206
1438,mainbatchi10_imgbatchi13_predi0,12
1439,mainbatchi10_imgbatchi14_predi3,210
1440,mainbatchi10_imgbatchi14_predi0,129
1441,mainbatchi10_imgbatchi14_predi1,1
1442,mainbatchi10_imgbatchi14_predi2,108
1443,mainbatchi10_imgbatchi14_predi4,27
1444,mainbatchi10_imgbatchi15_predi5,151
1445,mainbatchi10_imgbatchi15_predi2,122
1446,mainbatchi10_imgbatchi15_predi0,111
1447,mainbatchi10_imgbatchi15_predi4,151
1448,mainbatchi10_imgbatchi15_predi9,2
1449,mainbatchi10_imgbatchi15_predi7,6
1450,mainbatchi10_imgbatchi15_predi8,58
1451,mainbatchi10_imgbatchi15_predi6,111
1452,mainbatchi10_imgbatchi15_predi1,1
1453,mainbatchi10_imgbatchi15_predi3,52
1454,mainbatchi10_imgbatchi16_predi0,61
1455,mainbatchi10_imgbatchi16_predi13,71
1456,mainbatchi10_imgbatchi16_predi3,64
1457,mainbatchi10_imgbatchi17_predi0,46
1458,mainbatchi10_imgbatchi17_predi6,216
1459,mainbatchi10_imgbatchi17_predi2,197
1460,mainbatchi10_imgbatchi17_predi4,4
1461,mainbatchi10_imgbatchi17_predi1,64
1462,mainbatchi10_imgbatchi17_predi3,31
1463,mainbatchi10_imgbatchi17_predi7,119
1464,mainbatchi10_imgbatchi18_predi1,1
1465,mainbatchi10_imgbatchi18_predi2,1
1466,mainbatchi10_imgbatchi18_predi0,4
1467,mainbatchi10_imgbatchi18_predi3,112
1468,mainbatchi10_imgbatchi19_predi0,191
1469,mainbatchi10_imgbatchi19_predi1,215
1470,mainbatchi10_imgbatchi19_predi10,216
1471,mainbatchi10_imgbatchi20_predi2,68
1472,mainbatchi10_imgbatchi20_predi3,142
1473,mainbatchi10_imgbatchi20_predi1,27
1474,mainbatchi10_imgbatchi20_predi8,191
1475,mainbatchi10_imgbatchi20_predi4,191
1476,mainbatchi10_imgbatchi20_predi0,1
1477,mainbatchi10_imgbatchi20_predi7,1
1478,mainbatchi10_imgbatchi21_predi3,2
1479,mainbatchi10_imgbatchi21_predi4,142
1480,mainbatchi10_imgbatchi21_predi2,1
1481,mainbatchi10_imgbatchi21_predi1,1
1482,mainbatchi10_imgbatchi21_predi0,2
1483,mainbatchi10_imgbatchi22_predi7,12
1484,mainbatchi10_imgbatchi22_predi5,6
1485,mainbatchi10_imgbatchi22_predi4,140
1486,mainbatchi10_imgbatchi22_predi0,98
1487,mainbatchi10_imgbatchi22_predi1,65
1488,mainbatchi10_imgbatchi23_predi4,12
1489,mainbatchi10_imgbatchi23_predi3,128
1490,mainbatchi10_imgbatchi23_predi1,178
1491,mainbatchi10_imgbatchi23_predi0,108
1492,mainbatchi10_imgbatchi23_predi2,58
1493,mainbatchi10_imgbatchi24_predi0,71
1494,mainbatchi10_imgbatchi24_predi2,191
1495,mainbatchi10_imgbatchi25_predi5,151
1496,mainbatchi10_imgbatchi25_predi3,191
1497,mainbatchi10_imgbatchi25_predi0,191
1498,mainbatchi10_imgbatchi25_predi1,191
1499,mainbatchi10_imgbatchi25_predi28,157
1500,mainbatchi10_imgbatchi25_predi4,154
1501,mainbatchi10_imgbatchi26_predi2,197
1502,mainbatchi10_imgbatchi26_predi3,6
1503,mainbatchi10_imgbatchi26_predi0,212
1504,mainbatchi10_imgbatchi26_predi1,98
1505,mainbatchi10_imgbatchi27_predi0,74
1506,mainbatchi10_imgbatchi27_predi3,197
1507,mainbatchi10_imgbatchi27_predi6,74
1508,mainbatchi10_imgbatchi27_predi4,191
1509,mainbatchi10_imgbatchi27_predi5,200
1510,mainbatchi10_imgbatchi27_predi2,2
1511,mainbatchi10_imgbatchi27_predi7,6
1512,mainbatchi10_imgbatchi28_predi2,65
1513,mainbatchi10_imgbatchi28_predi0,4
1514,mainbatchi10_imgbatchi28_predi1,6
1515,mainbatchi10_imgbatchi29_predi0,98
1516,mainbatchi10_imgbatchi29_predi3,193
1517,mainbatchi10_imgbatchi29_predi2,1
1518,mainbatchi10_imgbatchi29_predi1,112
1519,mainbatchi10_imgbatchi29_predi4,12
1520,mainbatchi10_imgbatchi29_predi5,63
1521,mainbatchi10_imgbatchi30_predi3,191
1522,mainbatchi10_imgbatchi30_predi0,215
1523,mainbatchi10_imgbatchi30_predi4,136
1524,mainbatchi10_imgbatchi30_predi1,2
1525,mainbatchi10_imgbatchi30_predi2,187
1526,mainbatchi10_imgbatchi31_predi0,1
1527,mainbatchi10_imgbatchi31_predi1,128
1528,mainbatchi11_imgbatchi0_predi4,212
1529,mainbatchi11_imgbatchi0_predi0,2
1530,mainbatchi11_imgbatchi0_predi5,120
1531,mainbatchi11_imgbatchi0_predi2,197
1532,mainbatchi11_imgbatchi0_predi1,1
1533,mainbatchi11_imgbatchi1_predi4,171
1534,mainbatchi11_imgbatchi1_predi22,119
1535,mainbatchi11_imgbatchi1_predi0,71
1536,mainbatchi11_imgbatchi1_predi1,108
1537,mainbatchi11_imgbatchi2_predi1,71
1538,mainbatchi11_imgbatchi2_predi3,71
1539,mainbatchi11_imgbatchi2_predi2,154
1540,mainbatchi11_imgbatchi2_predi0,215
1541,mainbatchi11_imgbatchi3_predi0,44
1542,mainbatchi11_imgbatchi3_predi1,71
1543,mainbatchi11_imgbatchi3_predi20,69
1544,mainbatchi11_imgbatchi5_predi20,1
1545,mainbatchi11_imgbatchi5_predi2,68
1546,mainbatchi11_imgbatchi5_predi1,98
1547,mainbatchi11_imgbatchi5_predi4,200
1548,mainbatchi11_imgbatchi5_predi3,6
1549,mainbatchi11_imgbatchi5_predi0,43
1550,mainbatchi11_imgbatchi6_predi4,116
1551,mainbatchi11_imgbatchi6_predi5,12
1552,mainbatchi11_imgbatchi6_predi0,27
1553,mainbatchi11_imgbatchi6_predi3,6
1554,mainbatchi11_imgbatchi6_predi1,95
1555,mainbatchi11_imgbatchi6_predi2,209
1556,mainbatchi11_imgbatchi7_predi0,128
1557,mainbatchi11_imgbatchi8_predi0,191
1558,mainbatchi11_imgbatchi8_predi1,142
1559,mainbatchi11_imgbatchi8_predi4,136
1560,mainbatchi11_imgbatchi9_predi1,139
1561,mainbatchi11_imgbatchi9_predi5,187
1562,mainbatchi11_imgbatchi9_predi0,1
1563,mainbatchi11_imgbatchi9_predi2,191
1564,mainbatchi11_imgbatchi9_predi6,1
1565,mainbatchi11_imgbatchi10_predi4,141
1566,mainbatchi11_imgbatchi10_predi0,2
1567,mainbatchi11_imgbatchi10_predi10,108
1568,mainbatchi11_imgbatchi10_predi8,98
1569,mainbatchi11_imgbatchi10_predi5,193
1570,mainbatchi11_imgbatchi10_predi3,196
1571,mainbatchi11_imgbatchi10_predi2,56
1572,mainbatchi11_imgbatchi10_predi1,63
1573,mainbatchi11_imgbatchi11_predi0,109
1574,mainbatchi11_imgbatchi12_predi1,202
1575,mainbatchi11_imgbatchi12_predi0,1
1576,mainbatchi11_imgbatchi13_predi2,98
1577,mainbatchi11_imgbatchi13_predi4,191
1578,mainbatchi11_imgbatchi13_predi3,136
1579,mainbatchi11_imgbatchi13_predi1,192
1580,mainbatchi11_imgbatchi13_predi0,47
1581,mainbatchi11_imgbatchi14_predi0,4
1582,mainbatchi11_imgbatchi14_predi2,191
1583,mainbatchi11_imgbatchi14_predi1,1
1584,mainbatchi11_imgbatchi15_predi4,71
1585,mainbatchi11_imgbatchi15_predi1,140
1586,mainbatchi11_imgbatchi15_predi0,108
1587,mainbatchi11_imgbatchi16_predi2,192
1588,mainbatchi11_imgbatchi16_predi1,6
1589,mainbatchi11_imgbatchi16_predi3,142
1590,mainbatchi11_imgbatchi16_predi0,215
1591,mainbatchi11_imgbatchi16_predi5,128
1592,mainbatchi11_imgbatchi17_predi2,68
1593,mainbatchi11_imgbatchi17_predi6,4
1594,mainbatchi11_imgbatchi17_predi3,31
1595,mainbatchi11_imgbatchi17_predi0,1
1596,mainbatchi11_imgbatchi17_predi1,4
1597,mainbatchi11_imgbatchi18_predi2,1
1598,mainbatchi11_imgbatchi18_predi3,112
1599,mainbatchi11_imgbatchi18_predi4,128
1600,mainbatchi11_imgbatchi18_predi0,1
1601,mainbatchi11_imgbatchi18_predi1,4
1602,mainbatchi11_imgbatchi19_predi10,216
1603,mainbatchi11_imgbatchi19_predi1,216
1604,mainbatchi11_imgbatchi20_predi2,157
1605,mainbatchi11_imgbatchi20_predi1,26
1606,mainbatchi11_imgbatchi20_predi0,6
1607,mainbatchi11_imgbatchi21_predi0,27
1608,mainbatchi11_imgbatchi21_predi1,140
1609,mainbatchi11_imgbatchi22_predi0,2
1610,mainbatchi11_imgbatchi22_predi3,2
1611,mainbatchi11_imgbatchi22_predi1,44
1612,mainbatchi11_imgbatchi22_predi2,1
1613,mainbatchi11_imgbatchi23_predi2,71
1614,mainbatchi11_imgbatchi23_predi1,122
1615,mainbatchi11_imgbatchi23_predi0,63
1616,mainbatchi11_imgbatchi24_predi2,1
1617,mainbatchi11_imgbatchi24_predi0,191
1618,mainbatchi11_imgbatchi24_predi1,197
1619,mainbatchi11_imgbatchi24_predi24,191
1620,mainbatchi11_imgbatchi24_predi3,215
1621,mainbatchi11_imgbatchi25_predi1,191
1622,mainbatchi11_imgbatchi25_predi3,193
1623,mainbatchi11_imgbatchi25_predi4,6
1624,mainbatchi11_imgbatchi25_predi2,6
1625,mainbatchi11_imgbatchi25_predi0,12
1626,mainbatchi11_imgbatchi26_predi0,47
1627,mainbatchi11_imgbatchi26_predi3,1
1628,mainbatchi11_imgbatchi26_predi2,191
1629,mainbatchi11_imgbatchi26_predi1,119
1630,mainbatchi11_imgbatchi26_predi6,98
1631,mainbatchi11_imgbatchi26_predi7,12
1632,mainbatchi11_imgbatchi27_predi0,88
1633,mainbatchi11_imgbatchi27_predi6,116
1634,mainbatchi11_imgbatchi27_predi2,151
1635,mainbatchi11_imgbatchi27_predi5,4
1636,mainbatchi11_imgbatchi27_predi3,1
1637,mainbatchi11_imgbatchi27_predi1,71
1638,mainbatchi11_imgbatchi27_predi4,52
1639,mainbatchi11_imgbatchi28_predi1,20
1640,mainbatchi11_imgbatchi28_predi0,215
1641,mainbatchi11_imgbatchi28_predi2,154
1642,mainbatchi11_imgbatchi29_predi1,108
1643,mainbatchi11_imgbatchi29_predi2,74
1644,mainbatchi11_imgbatchi29_predi0,58
1645,mainbatchi11_imgbatchi29_predi3,191
1646,mainbatchi11_imgbatchi30_predi2,157
1647,mainbatchi11_imgbatchi30_predi4,191
1648,mainbatchi11_imgbatchi30_predi3,128
1649,mainbatchi11_imgbatchi30_predi5,154
1650,mainbatchi11_imgbatchi30_predi1,213
1651,mainbatchi11_imgbatchi30_predi0,1
1652,mainbatchi11_imgbatchi31_predi1,142
1653,mainbatchi11_imgbatchi31_predi3,141
1654,mainbatchi11_imgbatchi31_predi2,215
1655,mainbatchi11_imgbatchi31_predi0,2
1656,mainbatchi11_imgbatchi31_predi4,12
1657,mainbatchi11_imgbatchi31_predi6,139
1658,mainbatchi12_imgbatchi0_predi2,176
1659,mainbatchi12_imgbatchi0_predi0,111
1660,mainbatchi12_imgbatchi0_predi1,108
1661,mainbatchi12_imgbatchi0_predi4,119
1662,mainbatchi12_imgbatchi0_predi5,108
1663,mainbatchi12_imgbatchi1_predi3,197
1664,mainbatchi12_imgbatchi1_predi0,62
1665,mainbatchi12_imgbatchi1_predi5,12
1666,mainbatchi12_imgbatchi1_predi1,63
1667,mainbatchi12_imgbatchi1_predi4,191
1668,mainbatchi12_imgbatchi1_predi2,184
1669,mainbatchi12_imgbatchi2_predi1,74
1670,mainbatchi12_imgbatchi2_predi2,141
1671,mainbatchi12_imgbatchi2_predi7,154
1672,mainbatchi12_imgbatchi2_predi0,61
1673,mainbatchi12_imgbatchi2_predi4,6
1674,mainbatchi12_imgbatchi3_predi5,142
1675,mainbatchi12_imgbatchi3_predi3,43
1676,mainbatchi12_imgbatchi3_predi2,5
1677,mainbatchi12_imgbatchi3_predi1,108
1678,mainbatchi12_imgbatchi3_predi20,1
1679,mainbatchi12_imgbatchi3_predi0,5
1680,mainbatchi12_imgbatchi4_predi1,116
1681,mainbatchi12_imgbatchi4_predi0,61
1682,mainbatchi12_imgbatchi4_predi3,145
1683,mainbatchi12_imgbatchi4_predi2,191
1684,mainbatchi12_imgbatchi5_predi1,141
1685,mainbatchi12_imgbatchi5_predi2,136
1686,mainbatchi12_imgbatchi5_predi7,141
1687,mainbatchi12_imgbatchi5_predi5,213
1688,mainbatchi12_imgbatchi5_predi3,197
1689,mainbatchi12_imgbatchi5_predi0,2
1690,mainbatchi12_imgbatchi5_predi4,191
1691,mainbatchi12_imgbatchi5_predi6,191
1692,mainbatchi12_imgbatchi6_predi0,191
1693,mainbatchi12_imgbatchi6_predi3,142
1694,mainbatchi12_imgbatchi6_predi1,139
1695,mainbatchi12_imgbatchi7_predi0,2
1696,mainbatchi12_imgbatchi7_predi1,212
1697,mainbatchi12_imgbatchi7_predi7,191
1698,mainbatchi12_imgbatchi7_predi2,191
1699,mainbatchi12_imgbatchi7_predi5,142
1700,mainbatchi12_imgbatchi7_predi3,151
1701,mainbatchi12_imgbatchi7_predi6,191
1702,mainbatchi12_imgbatchi7_predi4,128
1703,mainbatchi12_imgbatchi8_predi3,216
1704,mainbatchi12_imgbatchi8_predi0,9
1705,mainbatchi12_imgbatchi8_predi4,12
1706,mainbatchi12_imgbatchi8_predi2,0
1707,mainbatchi12_imgbatchi8_predi5,88
1708,mainbatchi12_imgbatchi8_predi1,1
1709,mainbatchi12_imgbatchi9_predi2,213
1710,mainbatchi12_imgbatchi9_predi6,157
1711,mainbatchi12_imgbatchi9_predi0,210
1712,mainbatchi12_imgbatchi9_predi1,191
1713,mainbatchi12_imgbatchi9_predi4,191
1714,mainbatchi12_imgbatchi9_predi3,191
1715,mainbatchi12_imgbatchi9_predi11,151
1716,mainbatchi12_imgbatchi9_predi30,142
1717,mainbatchi12_imgbatchi10_predi2,141
1718,mainbatchi12_imgbatchi10_predi3,200
1719,mainbatchi12_imgbatchi10_predi1,142
1720,mainbatchi12_imgbatchi10_predi0,1
1721,mainbatchi12_imgbatchi11_predi1,62
1722,mainbatchi12_imgbatchi11_predi3,111
1723,mainbatchi12_imgbatchi11_predi5,160
1724,mainbatchi12_imgbatchi11_predi4,6
1725,mainbatchi12_imgbatchi11_predi0,47
1726,mainbatchi12_imgbatchi11_predi6,142
1727,mainbatchi12_imgbatchi11_predi2,58
1728,mainbatchi12_imgbatchi12_predi0,46
1729,mainbatchi12_imgbatchi12_predi7,216
1730,mainbatchi12_imgbatchi12_predi3,108
1731,mainbatchi12_imgbatchi12_predi1,119
1732,mainbatchi12_imgbatchi13_predi0,122
1733,mainbatchi12_imgbatchi13_predi38,193
1734,mainbatchi12_imgbatchi13_predi19,157
1735,mainbatchi12_imgbatchi13_predi5,128
1736,mainbatchi12_imgbatchi13_predi3,191
1737,mainbatchi12_imgbatchi13_predi7,136
1738,mainbatchi12_imgbatchi14_predi1,141
1739,mainbatchi12_imgbatchi14_predi3,98
1740,mainbatchi12_imgbatchi14_predi5,69
1741,mainbatchi12_imgbatchi14_predi0,63
1742,mainbatchi12_imgbatchi14_predi4,191
1743,mainbatchi12_imgbatchi14_predi44,6
1744,mainbatchi12_imgbatchi14_predi2,191
1745,mainbatchi12_imgbatchi15_predi3,191
1746,mainbatchi12_imgbatchi15_predi5,191
1747,mainbatchi12_imgbatchi15_predi2,213
1748,mainbatchi12_imgbatchi15_predi7,126
1749,mainbatchi12_imgbatchi15_predi1,1
1750,mainbatchi12_imgbatchi15_predi0,1
1751,mainbatchi12_imgbatchi15_predi10,191
1752,mainbatchi12_imgbatchi15_predi4,1
1753,mainbatchi12_imgbatchi16_predi3,136
1754,mainbatchi12_imgbatchi16_predi0,215
1755,mainbatchi12_imgbatchi16_predi1,189
1756,mainbatchi12_imgbatchi17_predi14,68
1757,mainbatchi12_imgbatchi17_predi1,108
1758,mainbatchi12_imgbatchi17_predi0,215
1759,mainbatchi12_imgbatchi18_predi2,111
1760,mainbatchi12_imgbatchi18_predi0,85
1761,mainbatchi12_imgbatchi18_predi1,20
1762,mainbatchi12_imgbatchi19_predi1,175
1763,mainbatchi12_imgbatchi19_predi2,137
1764,mainbatchi12_imgbatchi19_predi0,1
1765,mainbatchi12_imgbatchi20_predi2,191
1766,mainbatchi12_imgbatchi20_predi0,191
1767,mainbatchi12_imgbatchi20_predi1,178
1768,mainbatchi12_imgbatchi21_predi1,43
1769,mainbatchi12_imgbatchi21_predi5,6
1770,mainbatchi12_imgbatchi21_predi0,55
1771,mainbatchi12_imgbatchi22_predi0,215
1772,mainbatchi12_imgbatchi22_predi3,191
1773,mainbatchi12_imgbatchi22_predi4,134
1774,mainbatchi12_imgbatchi23_predi5,58
1775,mainbatchi12_imgbatchi23_predi4,178
1776,mainbatchi12_imgbatchi23_predi1,98
1777,mainbatchi12_imgbatchi23_predi2,6
1778,mainbatchi12_imgbatchi23_predi3,43
1779,mainbatchi12_imgbatchi23_predi0,212
1780,mainbatchi12_imgbatchi24_predi5,202
1781,mainbatchi12_imgbatchi24_predi2,191
1782,mainbatchi12_imgbatchi24_predi0,108
1783,mainbatchi12_imgbatchi24_predi6,128
1784,mainbatchi12_imgbatchi24_predi3,193
1785,mainbatchi12_imgbatchi24_predi1,45
1786,mainbatchi12_imgbatchi25_predi2,140
1787,mainbatchi12_imgbatchi25_predi0,140
1788,mainbatchi12_imgbatchi25_predi1,210
1789,mainbatchi12_imgbatchi26_predi0,68
1790,mainbatchi12_imgbatchi26_predi1,216
1791,mainbatchi12_imgbatchi27_predi5,74
1792,mainbatchi12_imgbatchi27_predi2,108
1793,mainbatchi12_imgbatchi27_predi0,85
1794,mainbatchi12_imgbatchi27_predi3,6
1795,mainbatchi12_imgbatchi27_predi4,60
1796,mainbatchi12_imgbatchi27_predi1,63
1797,mainbatchi12_imgbatchi28_predi1,191
1798,mainbatchi12_imgbatchi28_predi4,197
1799,mainbatchi12_imgbatchi28_predi0,12
1800,mainbatchi12_imgbatchi28_predi2,6
1801,mainbatchi12_imgbatchi29_predi4,191
1802,mainbatchi12_imgbatchi29_predi3,202
1803,mainbatchi12_imgbatchi29_predi1,191
1804,mainbatchi12_imgbatchi29_predi2,191
1805,mainbatchi12_imgbatchi29_predi8,1
1806,mainbatchi12_imgbatchi29_predi0,1
1807,mainbatchi12_imgbatchi30_predi2,1
1808,mainbatchi12_imgbatchi30_predi1,136
1809,mainbatchi12_imgbatchi30_predi3,191
1810,mainbatchi12_imgbatchi30_predi0,1
1811,mainbatchi12_imgbatchi30_predi4,141
1812,mainbatchi12_imgbatchi30_predi5,213
1813,mainbatchi12_imgbatchi30_predi12,216
1814,mainbatchi12_imgbatchi31_predi0,212
1815,mainbatchi12_imgbatchi31_predi1,98
1816,mainbatchi12_imgbatchi31_predi3,6
1817,mainbatchi12_imgbatchi31_predi2,108
1818,mainbatchi13_imgbatchi0_predi0,68
1819,mainbatchi13_imgbatchi0_predi2,6
1820,mainbatchi13_imgbatchi0_predi3,160
1821,mainbatchi13_imgbatchi0_predi40,14
1822,mainbatchi13_imgbatchi0_predi7,63
1823,mainbatchi13_imgbatchi0_predi1,191
1824,mainbatchi13_imgbatchi1_predi1,111
1825,mainbatchi13_imgbatchi1_predi0,23
1826,mainbatchi13_imgbatchi2_predi6,189
1827,mainbatchi13_imgbatchi2_predi1,191
1828,mainbatchi13_imgbatchi2_predi3,191
1829,mainbatchi13_imgbatchi2_predi11,151
1830,mainbatchi13_imgbatchi2_predi8,191
1831,mainbatchi13_imgbatchi2_predi7,191
1832,mainbatchi13_imgbatchi2_predi5,127
1833,mainbatchi13_imgbatchi2_predi9,191
1834,mainbatchi13_imgbatchi2_predi0,1
1835,mainbatchi13_imgbatchi2_predi2,191
1836,mainbatchi13_imgbatchi3_predi2,55
1837,mainbatchi13_imgbatchi3_predi0,2
1838,mainbatchi13_imgbatchi3_predi1,98
1839,mainbatchi13_imgbatchi4_predi0,187
1840,mainbatchi13_imgbatchi5_predi2,145
1841,mainbatchi13_imgbatchi5_predi0,98
1842,mainbatchi13_imgbatchi5_predi1,6
1843,mainbatchi13_imgbatchi6_predi0,74
1844,mainbatchi13_imgbatchi7_predi2,13
1845,mainbatchi13_imgbatchi7_predi4,191
1846,mainbatchi13_imgbatchi7_predi3,157
1847,mainbatchi13_imgbatchi7_predi5,27
1848,mainbatchi13_imgbatchi7_predi0,90
1849,mainbatchi13_imgbatchi7_predi1,1
1850,mainbatchi13_imgbatchi8_predi3,141
1851,mainbatchi13_imgbatchi8_predi5,6
1852,mainbatchi13_imgbatchi8_predi0,47
1853,mainbatchi13_imgbatchi8_predi1,62
1854,mainbatchi13_imgbatchi8_predi2,111
1855,mainbatchi13_imgbatchi9_predi3,191
1856,mainbatchi13_imgbatchi9_predi0,191
1857,mainbatchi13_imgbatchi9_predi1,191
1858,mainbatchi13_imgbatchi10_predi3,154
1859,mainbatchi13_imgbatchi10_predi2,1
1860,mainbatchi13_imgbatchi10_predi0,191
1861,mainbatchi13_imgbatchi10_predi1,202
1862,mainbatchi13_imgbatchi11_predi0,210
1863,mainbatchi13_imgbatchi12_predi3,193
1864,mainbatchi13_imgbatchi12_predi1,151
1865,mainbatchi13_imgbatchi12_predi4,200
1866,mainbatchi13_imgbatchi12_predi2,196
1867,mainbatchi13_imgbatchi12_predi0,1
1868,mainbatchi13_imgbatchi13_predi1,191
1869,mainbatchi13_imgbatchi13_predi3,151
1870,mainbatchi13_imgbatchi13_predi0,191
1871,mainbatchi13_imgbatchi13_predi2,191
1872,mainbatchi13_imgbatchi14_predi1,6
1873,mainbatchi13_imgbatchi14_predi2,58
1874,mainbatchi13_imgbatchi14_predi0,212
1875,mainbatchi13_imgbatchi15_predi3,191
1876,mainbatchi13_imgbatchi15_predi1,215
1877,mainbatchi13_imgbatchi15_predi0,65
1878,mainbatchi13_imgbatchi15_predi2,157
1879,mainbatchi13_imgbatchi16_predi3,191
1880,mainbatchi13_imgbatchi16_predi7,191
1881,mainbatchi13_imgbatchi16_predi1,6
1882,mainbatchi13_imgbatchi16_predi0,12
1883,mainbatchi13_imgbatchi16_predi4,142
1884,mainbatchi13_imgbatchi16_predi6,193
1885,mainbatchi13_imgbatchi17_predi1,191
1886,mainbatchi13_imgbatchi17_predi2,157
1887,mainbatchi13_imgbatchi17_predi3,128
1888,mainbatchi13_imgbatchi17_predi0,41
1889,mainbatchi13_imgbatchi18_predi1,54
1890,mainbatchi13_imgbatchi18_predi0,37
1891,mainbatchi13_imgbatchi19_predi0,4
1892,mainbatchi13_imgbatchi19_predi7,112
1893,mainbatchi13_imgbatchi19_predi3,191
1894,mainbatchi13_imgbatchi19_predi2,63
1895,mainbatchi13_imgbatchi20_predi5,98
1896,mainbatchi13_imgbatchi20_predi2,197
1897,mainbatchi13_imgbatchi20_predi15,71
1898,mainbatchi13_imgbatchi20_predi0,63
1899,mainbatchi13_imgbatchi20_predi1,119
1900,mainbatchi13_imgbatchi21_predi2,187
1901,mainbatchi13_imgbatchi21_predi1,128
1902,mainbatchi13_imgbatchi21_predi0,151
1903,mainbatchi13_imgbatchi22_predi1,6
1904,mainbatchi13_imgbatchi22_predi0,69
1905,mainbatchi13_imgbatchi23_predi1,1
1906,mainbatchi13_imgbatchi23_predi0,1
1907,mainbatchi13_imgbatchi23_predi4,1
1908,mainbatchi13_imgbatchi23_predi2,1
1909,mainbatchi13_imgbatchi23_predi3,1
1910,mainbatchi13_imgbatchi24_predi0,43
1911,mainbatchi13_imgbatchi24_predi1,109
1912,mainbatchi13_imgbatchi24_predi2,128
1913,mainbatchi13_imgbatchi25_predi5,191
1914,mainbatchi13_imgbatchi25_predi8,103
1915,mainbatchi13_imgbatchi25_predi0,1
1916,mainbatchi13_imgbatchi25_predi3,139
1917,mainbatchi13_imgbatchi25_predi7,1
1918,mainbatchi13_imgbatchi25_predi1,1
1919,mainbatchi13_imgbatchi25_predi4,191
1920,mainbatchi13_imgbatchi25_predi2,141
1921,mainbatchi13_imgbatchi25_predi6,1
1922,mainbatchi13_imgbatchi26_predi0,2
1923,mainbatchi13_imgbatchi27_predi1,17
1924,mainbatchi13_imgbatchi27_predi5,200
1925,mainbatchi13_imgbatchi27_predi6,215
1926,mainbatchi13_imgbatchi27_predi4,98
1927,mainbatchi13_imgbatchi27_predi0,160
1928,mainbatchi13_imgbatchi27_predi3,212
1929,mainbatchi13_imgbatchi27_predi2,1
1930,mainbatchi13_imgbatchi28_predi0,108
1931,mainbatchi13_imgbatchi28_predi1,63
1932,mainbatchi13_imgbatchi29_predi3,27
1933,mainbatchi13_imgbatchi29_predi0,2
1934,mainbatchi13_imgbatchi29_predi1,209
1935,mainbatchi13_imgbatchi29_predi2,85
1936,mainbatchi13_imgbatchi30_predi3,191
1937,mainbatchi13_imgbatchi30_predi0,6
1938,mainbatchi13_imgbatchi30_predi2,191
1939,mainbatchi13_imgbatchi30_predi1,6
1940,mainbatchi13_imgbatchi31_predi0,2
1941,mainbatchi13_imgbatchi31_predi2,191
1942,mainbatchi13_imgbatchi31_predi3,136
1943,mainbatchi13_imgbatchi31_predi1,191
1944,mainbatchi14_imgbatchi0_predi4,191
1945,mainbatchi14_imgbatchi0_predi3,191
1946,mainbatchi14_imgbatchi0_predi0,6
1947,mainbatchi14_imgbatchi0_predi1,151
1948,mainbatchi14_imgbatchi0_predi2,12
1949,mainbatchi14_imgbatchi1_predi2,196
1950,mainbatchi14_imgbatchi1_predi3,128
1951,mainbatchi14_imgbatchi1_predi1,147
1952,mainbatchi14_imgbatchi1_predi0,141
1953,mainbatchi14_imgbatchi2_predi0,63
1954,mainbatchi14_imgbatchi2_predi6,1
1955,mainbatchi14_imgbatchi2_predi5,6
1956,mainbatchi14_imgbatchi2_predi2,191
1957,mainbatchi14_imgbatchi2_predi1,69
1958,mainbatchi14_imgbatchi3_predi0,2
1959,mainbatchi14_imgbatchi4_predi1,142
1960,mainbatchi14_imgbatchi4_predi3,191
1961,mainbatchi14_imgbatchi4_predi2,215
1962,mainbatchi14_imgbatchi4_predi0,1
1963,mainbatchi14_imgbatchi5_predi2,191
1964,mainbatchi14_imgbatchi5_predi4,128
1965,mainbatchi14_imgbatchi5_predi3,140
1966,mainbatchi14_imgbatchi5_predi0,2
1967,mainbatchi14_imgbatchi5_predi6,187
1968,mainbatchi14_imgbatchi5_predi7,2
1969,mainbatchi14_imgbatchi5_predi1,1
1970,mainbatchi14_imgbatchi6_predi0,212
1971,mainbatchi14_imgbatchi6_predi3,119
1972,mainbatchi14_imgbatchi6_predi8,1
1973,mainbatchi14_imgbatchi6_predi2,6
1974,mainbatchi14_imgbatchi7_predi1,108
1975,mainbatchi14_imgbatchi7_predi3,157
1976,mainbatchi14_imgbatchi7_predi5,115
1977,mainbatchi14_imgbatchi7_predi0,66
1978,mainbatchi14_imgbatchi7_predi2,56
1979,mainbatchi14_imgbatchi8_predi0,62
1980,mainbatchi14_imgbatchi8_predi6,191
1981,mainbatchi14_imgbatchi8_predi7,191
1982,mainbatchi14_imgbatchi8_predi1,58
1983,mainbatchi14_imgbatchi8_predi2,151
1984,mainbatchi14_imgbatchi8_predi3,141
1985,mainbatchi14_imgbatchi8_predi4,4
1986,mainbatchi14_imgbatchi9_predi6,178
1987,mainbatchi14_imgbatchi9_predi8,178
1988,mainbatchi14_imgbatchi9_predi2,157
1989,mainbatchi14_imgbatchi9_predi3,191
1990,mainbatchi14_imgbatchi9_predi0,151
1991,mainbatchi14_imgbatchi9_predi1,157
1992,mainbatchi14_imgbatchi10_predi0,71
1993,mainbatchi14_imgbatchi10_predi1,140
1994,mainbatchi14_imgbatchi10_predi3,191
1995,mainbatchi14_imgbatchi10_predi4,140
1996,mainbatchi14_imgbatchi10_predi2,191
1997,mainbatchi14_imgbatchi11_predi0,6
1998,mainbatchi14_imgbatchi12_predi3,139
1999,mainbatchi14_imgbatchi12_predi33,206
2000,mainbatchi14_imgbatchi12_predi0,2
2001,mainbatchi14_imgbatchi12_predi1,191
2002,mainbatchi14_imgbatchi12_predi2,191
2003,mainbatchi14_imgbatchi13_predi1,191
2004,mainbatchi14_imgbatchi13_predi4,1
2005,mainbatchi14_imgbatchi13_predi5,139
2006,mainbatchi14_imgbatchi13_predi2,191
2007,mainbatchi14_imgbatchi13_predi0,212
2008,mainbatchi14_imgbatchi13_predi3,128
2009,mainbatchi14_imgbatchi14_predi0,4
2010,mainbatchi14_imgbatchi14_predi4,111
2011,mainbatchi14_imgbatchi14_predi3,71
2012,mainbatchi14_imgbatchi14_predi2,58
2013,mainbatchi14_imgbatchi14_predi1,47
2014,mainbatchi14_imgbatchi15_predi1,126
2015,mainbatchi14_imgbatchi15_predi7,98
2016,mainbatchi14_imgbatchi15_predi0,68
2017,mainbatchi14_imgbatchi15_predi4,216
2018,mainbatchi14_imgbatchi15_predi2,212
2019,mainbatchi14_imgbatchi15_predi5,142
2020,mainbatchi14_imgbatchi16_predi0,74
2021,mainbatchi14_imgbatchi16_predi2,142
2022,mainbatchi14_imgbatchi16_predi1,56
2023,mainbatchi14_imgbatchi17_predi7,193
2024,mainbatchi14_imgbatchi17_predi3,160
2025,mainbatchi14_imgbatchi17_predi4,2
2026,mainbatchi14_imgbatchi17_predi0,2
2027,mainbatchi14_imgbatchi17_predi1,1
2028,mainbatchi14_imgbatchi17_predi8,178
2029,mainbatchi14_imgbatchi17_predi2,215
2030,mainbatchi14_imgbatchi18_predi6,69
2031,mainbatchi14_imgbatchi18_predi3,171
2032,mainbatchi14_imgbatchi18_predi2,2
2033,mainbatchi14_imgbatchi18_predi0,4
2034,mainbatchi14_imgbatchi19_predi5,108
2035,mainbatchi14_imgbatchi19_predi1,5
2036,mainbatchi14_imgbatchi19_predi2,183
2037,mainbatchi14_imgbatchi19_predi0,5
2038,mainbatchi14_imgbatchi19_predi7,111
2039,mainbatchi14_imgbatchi19_predi3,0
2040,mainbatchi14_imgbatchi19_predi6,74
2041,mainbatchi14_imgbatchi19_predi4,1
2042,mainbatchi14_imgbatchi20_predi0,5
2043,mainbatchi14_imgbatchi20_predi1,216
2044,mainbatchi14_imgbatchi21_predi1,140
2045,mainbatchi14_imgbatchi21_predi0,1
2046,mainbatchi14_imgbatchi22_predi2,69
2047,mainbatchi14_imgbatchi22_predi1,85
2048,mainbatchi14_imgbatchi22_predi0,6
2049,mainbatchi14_imgbatchi23_predi0,216
2050,mainbatchi14_imgbatchi23_predi2,206
2051,mainbatchi14_imgbatchi23_predi1,216
2052,mainbatchi14_imgbatchi24_predi1,145
2053,mainbatchi14_imgbatchi24_predi2,128
2054,mainbatchi14_imgbatchi24_predi4,191
2055,mainbatchi14_imgbatchi24_predi5,128
2056,mainbatchi14_imgbatchi24_predi3,139
2057,mainbatchi14_imgbatchi25_predi1,215
2058,mainbatchi14_imgbatchi25_predi0,1
2059,mainbatchi14_imgbatchi26_predi3,50
2060,mainbatchi14_imgbatchi26_predi0,63
2061,mainbatchi14_imgbatchi27_predi0,44
2062,mainbatchi14_imgbatchi28_predi0,63
2063,mainbatchi14_imgbatchi28_predi1,111
2064,mainbatchi14_imgbatchi28_predi2,51
2065,mainbatchi14_imgbatchi29_predi4,151
2066,mainbatchi14_imgbatchi29_predi0,216
2067,mainbatchi14_imgbatchi29_predi2,1
2068,mainbatchi14_imgbatchi29_predi1,1
2069,mainbatchi14_imgbatchi30_predi0,12
2070,mainbatchi14_imgbatchi30_predi1,191
2071,mainbatchi14_imgbatchi30_predi2,191
2072,mainbatchi14_imgbatchi31_predi0,45
2073,mainbatchi14_imgbatchi31_predi4,196
2074,mainbatchi14_imgbatchi31_predi1,98
2075,mainbatchi15_imgbatchi0_predi0,2
2076,mainbatchi15_imgbatchi0_predi1,12
2077,mainbatchi15_imgbatchi1_predi2,142
2078,mainbatchi15_imgbatchi1_predi1,151
2079,mainbatchi15_imgbatchi1_predi4,173
2080,mainbatchi15_imgbatchi1_predi0,12
2081,mainbatchi15_imgbatchi2_predi0,119
2082,mainbatchi15_imgbatchi3_predi2,45
2083,mainbatchi15_imgbatchi3_predi3,128
2084,mainbatchi15_imgbatchi3_predi4,63
2085,mainbatchi15_imgbatchi3_predi8,1
2086,mainbatchi15_imgbatchi3_predi0,43
2087,mainbatchi15_imgbatchi3_predi6,160
2088,mainbatchi15_imgbatchi3_predi1,6
2089,mainbatchi15_imgbatchi3_predi5,6
2090,mainbatchi15_imgbatchi3_predi7,6
2091,mainbatchi15_imgbatchi4_predi1,212
2092,mainbatchi15_imgbatchi4_predi0,27
2093,mainbatchi15_imgbatchi4_predi2,1
2094,mainbatchi15_imgbatchi5_predi5,187
2095,mainbatchi15_imgbatchi5_predi1,94
2096,mainbatchi15_imgbatchi5_predi0,2
2097,mainbatchi15_imgbatchi5_predi3,127
2098,mainbatchi15_imgbatchi5_predi2,157
2099,mainbatchi15_imgbatchi5_predi6,128
2100,mainbatchi15_imgbatchi5_predi4,191
2101,mainbatchi15_imgbatchi6_predi2,108
2102,mainbatchi15_imgbatchi6_predi3,191
2103,mainbatchi15_imgbatchi6_predi0,45
2104,mainbatchi15_imgbatchi6_predi1,215
2105,mainbatchi15_imgbatchi7_predi4,1
2106,mainbatchi15_imgbatchi7_predi3,98
2107,mainbatchi15_imgbatchi7_predi2,63
2108,mainbatchi15_imgbatchi7_predi0,98
2109,mainbatchi15_imgbatchi7_predi1,63
2110,mainbatchi15_imgbatchi8_predi0,158
2111,mainbatchi15_imgbatchi9_predi1,6
2112,mainbatchi15_imgbatchi9_predi0,63
2113,mainbatchi15_imgbatchi9_predi2,191
2114,mainbatchi15_imgbatchi9_predi3,98
2115,mainbatchi15_imgbatchi9_predi5,69
2116,mainbatchi15_imgbatchi10_predi30,191
2117,mainbatchi15_imgbatchi10_predi2,191
2118,mainbatchi15_imgbatchi10_predi1,191
2119,mainbatchi15_imgbatchi10_predi7,12
2120,mainbatchi15_imgbatchi10_predi5,216
2121,mainbatchi15_imgbatchi10_predi0,111
2122,mainbatchi15_imgbatchi11_predi6,12
2123,mainbatchi15_imgbatchi11_predi1,182
2124,mainbatchi15_imgbatchi12_predi0,215
2125,mainbatchi15_imgbatchi12_predi27,69
2126,mainbatchi15_imgbatchi12_predi1,2
2127,mainbatchi15_imgbatchi12_predi2,193
2128,mainbatchi15_imgbatchi13_predi0,2
2129,mainbatchi15_imgbatchi13_predi1,142
2130,mainbatchi15_imgbatchi14_predi1,119
2131,mainbatchi15_imgbatchi14_predi0,8
2132,mainbatchi15_imgbatchi14_predi7,71
2133,mainbatchi15_imgbatchi15_predi1,71
2134,mainbatchi15_imgbatchi15_predi0,154
2135,mainbatchi15_imgbatchi15_predi2,215
2136,mainbatchi15_imgbatchi16_predi5,1
2137,mainbatchi15_imgbatchi16_predi0,142
2138,mainbatchi15_imgbatchi16_predi3,63
2139,mainbatchi15_imgbatchi16_predi4,191
2140,mainbatchi15_imgbatchi16_predi2,191
2141,mainbatchi15_imgbatchi16_predi1,136
2142,mainbatchi15_imgbatchi17_predi5,213
2143,mainbatchi15_imgbatchi17_predi8,111
2144,mainbatchi15_imgbatchi17_predi11,202
2145,mainbatchi15_imgbatchi17_predi4,157
2146,mainbatchi15_imgbatchi17_predi3,142
2147,mainbatchi15_imgbatchi17_predi2,98
2148,mainbatchi15_imgbatchi17_predi0,56
2149,mainbatchi15_imgbatchi17_predi1,191
2150,mainbatchi15_imgbatchi18_predi1,1
2151,mainbatchi15_imgbatchi18_predi5,189
2152,mainbatchi15_imgbatchi18_predi2,1
2153,mainbatchi15_imgbatchi18_predi4,191
2154,mainbatchi15_imgbatchi18_predi8,157
2155,mainbatchi15_imgbatchi18_predi6,189
2156,mainbatchi15_imgbatchi18_predi3,1
2157,mainbatchi15_imgbatchi18_predi0,1
2158,mainbatchi15_imgbatchi19_predi0,12
2159,mainbatchi15_imgbatchi19_predi3,68
2160,mainbatchi15_imgbatchi19_predi2,63
2161,mainbatchi15_imgbatchi19_predi1,52
2162,mainbatchi15_imgbatchi20_predi0,71
2163,mainbatchi15_imgbatchi21_predi2,35
2164,mainbatchi15_imgbatchi21_predi4,191
2165,mainbatchi15_imgbatchi21_predi6,2
2166,mainbatchi15_imgbatchi21_predi3,111
2167,mainbatchi15_imgbatchi21_predi1,108
2168,mainbatchi15_imgbatchi21_predi0,69
2169,mainbatchi15_imgbatchi22_predi0,65
2170,mainbatchi15_imgbatchi22_predi2,136
2171,mainbatchi15_imgbatchi22_predi3,128
2172,mainbatchi15_imgbatchi22_predi1,58
2173,mainbatchi15_imgbatchi23_predi1,12
2174,mainbatchi15_imgbatchi23_predi0,216
2175,mainbatchi15_imgbatchi24_predi1,108
2176,mainbatchi15_imgbatchi24_predi0,1
2177,mainbatchi15_imgbatchi24_predi3,191
2178,mainbatchi15_imgbatchi24_predi2,6
2179,mainbatchi15_imgbatchi25_predi1,140
2180,mainbatchi15_imgbatchi25_predi3,160
2181,mainbatchi15_imgbatchi25_predi0,58
2182,mainbatchi15_imgbatchi26_predi5,137
2183,mainbatchi15_imgbatchi26_predi4,1
2184,mainbatchi15_imgbatchi26_predi0,128
2185,mainbatchi15_imgbatchi26_predi3,141
2186,mainbatchi15_imgbatchi27_predi5,151
2187,mainbatchi15_imgbatchi27_predi0,1
2188,mainbatchi15_imgbatchi27_predi4,191
2189,mainbatchi15_imgbatchi27_predi3,1
2190,mainbatchi15_imgbatchi27_predi1,1
2191,mainbatchi15_imgbatchi28_predi3,191
2192,mainbatchi15_imgbatchi28_predi1,136
2193,mainbatchi15_imgbatchi28_predi2,74
2194,mainbatchi15_imgbatchi28_predi0,1
2195,mainbatchi15_imgbatchi29_predi2,191
2196,mainbatchi15_imgbatchi29_predi3,108
2197,mainbatchi15_imgbatchi29_predi0,200
2198,mainbatchi15_imgbatchi29_predi1,63
2199,mainbatchi15_imgbatchi30_predi2,2
2200,mainbatchi15_imgbatchi30_predi4,197
2201,mainbatchi15_imgbatchi30_predi5,1
2202,mainbatchi15_imgbatchi30_predi3,215
2203,mainbatchi15_imgbatchi30_predi6,191
2204,mainbatchi15_imgbatchi30_predi1,2
2205,mainbatchi15_imgbatchi30_predi0,2
2206,mainbatchi15_imgbatchi31_predi2,58
2207,mainbatchi15_imgbatchi31_predi0,212
2208,mainbatchi15_imgbatchi31_predi1,6
2209,mainbatchi16_imgbatchi0_predi0,98
2210,mainbatchi16_imgbatchi0_predi1,99
2211,mainbatchi16_imgbatchi1_predi1,62
2212,mainbatchi16_imgbatchi1_predi0,47
2213,mainbatchi16_imgbatchi1_predi3,111
2214,mainbatchi16_imgbatchi1_predi7,141
2215,mainbatchi16_imgbatchi1_predi6,154
2216,mainbatchi16_imgbatchi1_predi2,58
2217,mainbatchi16_imgbatchi1_predi4,151
2218,mainbatchi16_imgbatchi1_predi5,6
2219,mainbatchi16_imgbatchi2_predi2,71
2220,mainbatchi16_imgbatchi2_predi0,215
2221,mainbatchi16_imgbatchi2_predi1,6
2222,mainbatchi16_imgbatchi2_predi3,116
2223,mainbatchi16_imgbatchi2_predi40,43
2224,mainbatchi16_imgbatchi3_predi1,111
2225,mainbatchi16_imgbatchi3_predi0,6
2226,mainbatchi16_imgbatchi4_predi2,128
2227,mainbatchi16_imgbatchi4_predi1,215
2228,mainbatchi16_imgbatchi4_predi0,1
2229,mainbatchi16_imgbatchi5_predi3,140
2230,mainbatchi16_imgbatchi5_predi2,125
2231,mainbatchi16_imgbatchi5_predi1,2
2232,mainbatchi16_imgbatchi5_predi6,1
2233,mainbatchi16_imgbatchi5_predi0,1
2234,mainbatchi16_imgbatchi5_predi7,191
2235,mainbatchi16_imgbatchi6_predi0,1
2236,mainbatchi16_imgbatchi6_predi1,191
2237,mainbatchi16_imgbatchi7_predi2,61
2238,mainbatchi16_imgbatchi7_predi0,27
2239,mainbatchi16_imgbatchi7_predi5,61
2240,mainbatchi16_imgbatchi7_predi1,43
2241,mainbatchi16_imgbatchi8_predi3,31
2242,mainbatchi16_imgbatchi8_predi2,6
2243,mainbatchi16_imgbatchi8_predi0,191
2244,mainbatchi16_imgbatchi8_predi1,98
2245,mainbatchi16_imgbatchi9_predi2,200
2246,mainbatchi16_imgbatchi9_predi1,2
2247,mainbatchi16_imgbatchi9_predi3,191
2248,mainbatchi16_imgbatchi9_predi0,215
2249,mainbatchi16_imgbatchi10_predi5,191
2250,mainbatchi16_imgbatchi10_predi2,189
2251,mainbatchi16_imgbatchi10_predi1,2
2252,mainbatchi16_imgbatchi10_predi0,192
2253,mainbatchi16_imgbatchi10_predi3,1
2254,mainbatchi16_imgbatchi11_predi3,142
2255,mainbatchi16_imgbatchi11_predi2,128
2256,mainbatchi16_imgbatchi11_predi1,191
2257,mainbatchi16_imgbatchi11_predi0,112
2258,mainbatchi16_imgbatchi12_predi2,108
2259,mainbatchi16_imgbatchi12_predi1,191
2260,mainbatchi16_imgbatchi13_predi0,175
2261,mainbatchi16_imgbatchi14_predi1,191
2262,mainbatchi16_imgbatchi14_predi0,1
2263,mainbatchi16_imgbatchi14_predi2,141
2264,mainbatchi16_imgbatchi14_predi3,206
2265,mainbatchi16_imgbatchi15_predi3,197
2266,mainbatchi16_imgbatchi15_predi1,160
2267,mainbatchi16_imgbatchi15_predi4,200
2268,mainbatchi16_imgbatchi15_predi15,191
2269,mainbatchi16_imgbatchi15_predi0,197
2270,mainbatchi16_imgbatchi15_predi5,191
2271,mainbatchi16_imgbatchi15_predi10,193
2272,mainbatchi16_imgbatchi15_predi2,205
2273,mainbatchi16_imgbatchi16_predi1,191
2274,mainbatchi16_imgbatchi16_predi5,136
2275,mainbatchi16_imgbatchi16_predi8,191
2276,mainbatchi16_imgbatchi16_predi2,175
2277,mainbatchi16_imgbatchi16_predi3,1
2278,mainbatchi16_imgbatchi16_predi0,191
2279,mainbatchi16_imgbatchi17_predi1,85
2280,mainbatchi16_imgbatchi17_predi2,87
2281,mainbatchi16_imgbatchi17_predi0,45
2282,mainbatchi16_imgbatchi17_predi5,2
2283,mainbatchi16_imgbatchi17_predi3,63
2284,mainbatchi16_imgbatchi18_predi13,160
2285,mainbatchi16_imgbatchi18_predi3,178
2286,mainbatchi16_imgbatchi18_predi1,191
2287,mainbatchi16_imgbatchi18_predi0,1
2288,mainbatchi16_imgbatchi18_predi4,189
2289,mainbatchi16_imgbatchi19_predi2,6
2290,mainbatchi16_imgbatchi19_predi4,98
2291,mainbatchi16_imgbatchi19_predi1,41
2292,mainbatchi16_imgbatchi19_predi0,69
2293,mainbatchi16_imgbatchi20_predi0,98
2294,mainbatchi16_imgbatchi20_predi2,108
2295,mainbatchi16_imgbatchi20_predi1,152
2296,mainbatchi16_imgbatchi20_predi3,112
2297,mainbatchi16_imgbatchi21_predi6,154
2298,mainbatchi16_imgbatchi21_predi2,177
2299,mainbatchi16_imgbatchi21_predi1,120
2300,mainbatchi16_imgbatchi21_predi0,111
2301,mainbatchi16_imgbatchi21_predi5,193
2302,mainbatchi16_imgbatchi21_predi8,200
2303,mainbatchi16_imgbatchi21_predi3,2
2304,mainbatchi16_imgbatchi22_predi2,122
2305,mainbatchi16_imgbatchi22_predi0,191
2306,mainbatchi16_imgbatchi22_predi1,43
2307,mainbatchi16_imgbatchi23_predi0,109
2308,mainbatchi16_imgbatchi23_predi2,1
2309,mainbatchi16_imgbatchi23_predi1,142
2310,mainbatchi16_imgbatchi24_predi3,12
2311,mainbatchi16_imgbatchi24_predi2,27
2312,mainbatchi16_imgbatchi24_predi1,111
2313,mainbatchi16_imgbatchi24_predi0,44
2314,mainbatchi16_imgbatchi25_predi1,1
2315,mainbatchi16_imgbatchi25_predi0,46
2316,mainbatchi16_imgbatchi26_predi2,71
2317,mainbatchi16_imgbatchi26_predi1,215
2318,mainbatchi16_imgbatchi26_predi5,215
2319,mainbatchi16_imgbatchi26_predi6,215
2320,mainbatchi16_imgbatchi26_predi0,215
2321,mainbatchi16_imgbatchi26_predi7,215
2322,mainbatchi16_imgbatchi27_predi2,88
2323,mainbatchi16_imgbatchi27_predi0,63
2324,mainbatchi16_imgbatchi27_predi1,62
2325,mainbatchi16_imgbatchi27_predi9,6
2326,mainbatchi16_imgbatchi27_predi6,1
2327,mainbatchi16_imgbatchi27_predi7,1
2328,mainbatchi16_imgbatchi28_predi1,136
2329,mainbatchi16_imgbatchi28_predi4,52
2330,mainbatchi16_imgbatchi28_predi2,191
2331,mainbatchi16_imgbatchi28_predi0,1
2332,mainbatchi16_imgbatchi29_predi5,204
2333,mainbatchi16_imgbatchi29_predi2,43
2334,mainbatchi16_imgbatchi29_predi1,2
2335,mainbatchi16_imgbatchi29_predi4,191
2336,mainbatchi16_imgbatchi29_predi0,63
2337,mainbatchi16_imgbatchi29_predi3,200
2338,mainbatchi16_imgbatchi30_predi0,71
2339,mainbatchi16_imgbatchi30_predi8,128
2340,mainbatchi16_imgbatchi30_predi3,63
2341,mainbatchi16_imgbatchi30_predi22,89
2342,mainbatchi16_imgbatchi30_predi23,98
2343,mainbatchi16_imgbatchi30_predi2,1
2344,mainbatchi16_imgbatchi30_predi1,6
2345,mainbatchi16_imgbatchi30_predi5,1
2346,mainbatchi16_imgbatchi30_predi4,216
2347,mainbatchi16_imgbatchi31_predi1,193
2348,mainbatchi16_imgbatchi31_predi2,63
2349,mainbatchi16_imgbatchi31_predi3,1
2350,mainbatchi16_imgbatchi31_predi0,43
2351,mainbatchi16_imgbatchi31_predi7,120
2352,mainbatchi17_imgbatchi0_predi4,12
2353,mainbatchi17_imgbatchi0_predi0,1
2354,mainbatchi17_imgbatchi0_predi5,4
2355,mainbatchi17_imgbatchi0_predi2,151
2356,mainbatchi17_imgbatchi0_predi3,1
2357,mainbatchi17_imgbatchi0_predi1,4
2358,mainbatchi17_imgbatchi1_predi1,63
2359,mainbatchi17_imgbatchi1_predi0,27
2360,mainbatchi17_imgbatchi1_predi2,120
2361,mainbatchi17_imgbatchi2_predi3,58
2362,mainbatchi17_imgbatchi2_predi0,58
2363,mainbatchi17_imgbatchi2_predi1,111
2364,mainbatchi17_imgbatchi3_predi3,128
2365,mainbatchi17_imgbatchi3_predi0,128
2366,mainbatchi17_imgbatchi3_predi4,1
2367,mainbatchi17_imgbatchi3_predi5,191
2368,mainbatchi17_imgbatchi3_predi2,6
2369,mainbatchi17_imgbatchi3_predi1,128
2370,mainbatchi17_imgbatchi4_predi5,128
2371,mainbatchi17_imgbatchi4_predi2,128
2372,mainbatchi17_imgbatchi4_predi1,157
2373,mainbatchi17_imgbatchi4_predi4,191
2374,mainbatchi17_imgbatchi4_predi0,145
2375,mainbatchi17_imgbatchi5_predi0,216
2376,mainbatchi17_imgbatchi5_predi1,111
2377,mainbatchi17_imgbatchi6_predi2,216
2378,mainbatchi17_imgbatchi6_predi4,12
2379,mainbatchi17_imgbatchi6_predi1,200
2380,mainbatchi17_imgbatchi6_predi0,210
2381,mainbatchi17_imgbatchi7_predi0,74
2382,mainbatchi17_imgbatchi8_predi1,41
2383,mainbatchi17_imgbatchi8_predi4,151
2384,mainbatchi17_imgbatchi8_predi2,197
2385,mainbatchi17_imgbatchi8_predi3,151
2386,mainbatchi17_imgbatchi8_predi0,61
2387,mainbatchi17_imgbatchi9_predi0,2
2388,mainbatchi17_imgbatchi9_predi1,1
2389,mainbatchi17_imgbatchi10_predi0,128
2390,mainbatchi17_imgbatchi10_predi2,212
2391,mainbatchi17_imgbatchi10_predi1,69
2392,mainbatchi17_imgbatchi11_predi0,12
2393,mainbatchi17_imgbatchi11_predi2,191
2394,mainbatchi17_imgbatchi11_predi1,119
2395,mainbatchi17_imgbatchi12_predi1,27
2396,mainbatchi17_imgbatchi12_predi0,129
2397,mainbatchi17_imgbatchi12_predi2,128
2398,mainbatchi17_imgbatchi13_predi5,191
2399,mainbatchi17_imgbatchi13_predi0,111
2400,mainbatchi17_imgbatchi13_predi3,197
2401,mainbatchi17_imgbatchi13_predi2,121
2402,mainbatchi17_imgbatchi13_predi1,2
2403,mainbatchi17_imgbatchi14_predi5,140
2404,mainbatchi17_imgbatchi14_predi3,177
2405,mainbatchi17_imgbatchi14_predi4,120
2406,mainbatchi17_imgbatchi14_predi1,191
2407,mainbatchi17_imgbatchi14_predi2,215
2408,mainbatchi17_imgbatchi14_predi6,123
2409,mainbatchi17_imgbatchi14_predi0,1
2410,mainbatchi17_imgbatchi15_predi0,98
2411,mainbatchi17_imgbatchi15_predi2,151
2412,mainbatchi17_imgbatchi15_predi5,12
2413,mainbatchi17_imgbatchi15_predi1,189
2414,mainbatchi17_imgbatchi15_predi14,12
2415,mainbatchi17_imgbatchi15_predi3,1
2416,mainbatchi17_imgbatchi16_predi6,158
2417,mainbatchi17_imgbatchi16_predi4,157
2418,mainbatchi17_imgbatchi16_predi3,1
2419,mainbatchi17_imgbatchi16_predi16,157
2420,mainbatchi17_imgbatchi16_predi7,166
2421,mainbatchi17_imgbatchi16_predi8,157
2422,mainbatchi17_imgbatchi16_predi1,215
2423,mainbatchi17_imgbatchi16_predi2,150
2424,mainbatchi17_imgbatchi16_predi0,2
2425,mainbatchi17_imgbatchi16_predi5,157
2426,mainbatchi17_imgbatchi17_predi2,120
2427,mainbatchi17_imgbatchi17_predi3,187
2428,mainbatchi17_imgbatchi17_predi0,1
2429,mainbatchi17_imgbatchi18_predi1,141
2430,mainbatchi17_imgbatchi18_predi0,71
2431,mainbatchi17_imgbatchi19_predi4,191
2432,mainbatchi17_imgbatchi19_predi1,75
2433,mainbatchi17_imgbatchi19_predi3,191
2434,mainbatchi17_imgbatchi19_predi2,112
2435,mainbatchi17_imgbatchi19_predi0,63
2436,mainbatchi17_imgbatchi20_predi0,108
2437,mainbatchi17_imgbatchi20_predi1,63
2438,mainbatchi17_imgbatchi21_predi2,191
2439,mainbatchi17_imgbatchi21_predi1,160
2440,mainbatchi17_imgbatchi21_predi0,142
2441,mainbatchi17_imgbatchi21_predi3,120
2442,mainbatchi17_imgbatchi22_predi0,2
2443,mainbatchi17_imgbatchi22_predi3,151
2444,mainbatchi17_imgbatchi22_predi2,128
2445,mainbatchi17_imgbatchi22_predi1,210
2446,mainbatchi17_imgbatchi23_predi4,1
2447,mainbatchi17_imgbatchi23_predi3,1
2448,mainbatchi17_imgbatchi23_predi1,1
2449,mainbatchi17_imgbatchi23_predi0,1
2450,mainbatchi17_imgbatchi23_predi2,1
2451,mainbatchi17_imgbatchi24_predi4,1
2452,mainbatchi17_imgbatchi24_predi33,187
2453,mainbatchi17_imgbatchi24_predi6,2
2454,mainbatchi17_imgbatchi24_predi2,142
2455,mainbatchi17_imgbatchi24_predi1,1
2456,mainbatchi17_imgbatchi24_predi3,120
2457,mainbatchi17_imgbatchi24_predi0,1
2458,mainbatchi17_imgbatchi25_predi0,34
2459,mainbatchi17_imgbatchi25_predi10,63
2460,mainbatchi17_imgbatchi26_predi1,10
2461,mainbatchi17_imgbatchi26_predi3,12
2462,mainbatchi17_imgbatchi26_predi0,63
2463,mainbatchi17_imgbatchi26_predi2,191
2464,mainbatchi17_imgbatchi27_predi4,191
2465,mainbatchi17_imgbatchi27_predi0,5
2466,mainbatchi17_imgbatchi27_predi1,216
2467,mainbatchi17_imgbatchi27_predi3,58
2468,mainbatchi17_imgbatchi27_predi2,37
2469,mainbatchi17_imgbatchi28_predi3,71
2470,mainbatchi17_imgbatchi28_predi0,65
2471,mainbatchi17_imgbatchi28_predi2,98
2472,mainbatchi17_imgbatchi28_predi1,150
2473,mainbatchi17_imgbatchi29_predi0,43
2474,mainbatchi17_imgbatchi29_predi5,191
2475,mainbatchi17_imgbatchi29_predi1,1
2476,mainbatchi17_imgbatchi29_predi2,56
2477,mainbatchi17_imgbatchi29_predi3,142
2478,mainbatchi17_imgbatchi29_predi6,191
2479,mainbatchi17_imgbatchi30_predi0,1
2480,mainbatchi17_imgbatchi30_predi1,1
2481,mainbatchi17_imgbatchi30_predi4,216
2482,mainbatchi17_imgbatchi30_predi3,191
2483,mainbatchi17_imgbatchi30_predi2,191
2484,mainbatchi17_imgbatchi31_predi2,182
2485,mainbatchi17_imgbatchi31_predi4,148
2486,mainbatchi17_imgbatchi31_predi6,157
2487,mainbatchi17_imgbatchi31_predi3,54
2488,mainbatchi17_imgbatchi31_predi5,191
2489,mainbatchi17_imgbatchi31_predi0,2
2490,mainbatchi17_imgbatchi31_predi1,191
2491,mainbatchi18_imgbatchi0_predi2,142
2492,mainbatchi18_imgbatchi0_predi1,4
2493,mainbatchi18_imgbatchi0_predi0,98
2494,mainbatchi18_imgbatchi1_predi3,12
2495,mainbatchi18_imgbatchi1_predi0,109
2496,mainbatchi18_imgbatchi1_predi6,98
2497,mainbatchi18_imgbatchi1_predi1,119
2498,mainbatchi18_imgbatchi1_predi4,54
2499,mainbatchi18_imgbatchi1_predi2,22
2500,mainbatchi18_imgbatchi1_predi22,157
2501,mainbatchi18_imgbatchi1_predi5,12
2502,mainbatchi18_imgbatchi1_predi8,1
2503,mainbatchi18_imgbatchi1_predi7,12
2504,mainbatchi18_imgbatchi2_predi1,122
2505,mainbatchi18_imgbatchi2_predi15,202
2506,mainbatchi18_imgbatchi2_predi0,139
2507,mainbatchi18_imgbatchi3_predi1,213
2508,mainbatchi18_imgbatchi3_predi5,1
2509,mainbatchi18_imgbatchi3_predi0,1
2510,mainbatchi18_imgbatchi4_predi12,178
2511,mainbatchi18_imgbatchi4_predi0,204
2512,mainbatchi18_imgbatchi4_predi10,178
2513,mainbatchi18_imgbatchi4_predi1,193
2514,mainbatchi18_imgbatchi4_predi17,157
2515,mainbatchi18_imgbatchi4_predi3,128
2516,mainbatchi18_imgbatchi4_predi6,157
2517,mainbatchi18_imgbatchi5_predi0,1
2518,mainbatchi18_imgbatchi5_predi3,1
2519,mainbatchi18_imgbatchi5_predi5,215
2520,mainbatchi18_imgbatchi5_predi4,139
2521,mainbatchi18_imgbatchi6_predi4,142
2522,mainbatchi18_imgbatchi6_predi0,98
2523,mainbatchi18_imgbatchi6_predi3,216
2524,mainbatchi18_imgbatchi6_predi1,112
2525,mainbatchi18_imgbatchi6_predi2,212
2526,mainbatchi18_imgbatchi7_predi36,187
2527,mainbatchi18_imgbatchi7_predi4,191
2528,mainbatchi18_imgbatchi7_predi3,141
2529,mainbatchi18_imgbatchi7_predi2,151
2530,mainbatchi18_imgbatchi7_predi1,191
2531,mainbatchi18_imgbatchi7_predi14,197
2532,mainbatchi18_imgbatchi7_predi10,157
2533,mainbatchi18_imgbatchi7_predi0,191
2534,mainbatchi18_imgbatchi7_predi6,142
2535,mainbatchi18_imgbatchi8_predi2,151
2536,mainbatchi18_imgbatchi8_predi1,71
2537,mainbatchi18_imgbatchi8_predi3,171
2538,mainbatchi18_imgbatchi8_predi0,68
2539,mainbatchi18_imgbatchi8_predi4,56
2540,mainbatchi18_imgbatchi9_predi0,108
2541,mainbatchi18_imgbatchi9_predi1,127
2542,mainbatchi18_imgbatchi10_predi1,12
2543,mainbatchi18_imgbatchi11_predi0,63
2544,mainbatchi18_imgbatchi11_predi2,111
2545,mainbatchi18_imgbatchi12_predi1,114
2546,mainbatchi18_imgbatchi12_predi7,12
2547,mainbatchi18_imgbatchi12_predi0,58
2548,mainbatchi18_imgbatchi12_predi14,191
2549,mainbatchi18_imgbatchi12_predi3,204
2550,mainbatchi18_imgbatchi12_predi4,43
2551,mainbatchi18_imgbatchi12_predi5,193
2552,mainbatchi18_imgbatchi13_predi1,63
2553,mainbatchi18_imgbatchi13_predi0,44
2554,mainbatchi18_imgbatchi13_predi2,108
2555,mainbatchi18_imgbatchi13_predi3,71
2556,mainbatchi18_imgbatchi14_predi1,191
2557,mainbatchi18_imgbatchi14_predi3,142
2558,mainbatchi18_imgbatchi14_predi6,151
2559,mainbatchi18_imgbatchi14_predi5,178
2560,mainbatchi18_imgbatchi14_predi2,200
2561,mainbatchi18_imgbatchi14_predi0,1
2562,mainbatchi18_imgbatchi14_predi4,1
2563,mainbatchi18_imgbatchi15_predi4,208
2564,mainbatchi18_imgbatchi15_predi2,191
2565,mainbatchi18_imgbatchi15_predi8,142
2566,mainbatchi18_imgbatchi15_predi13,128
2567,mainbatchi18_imgbatchi15_predi3,99
2568,mainbatchi18_imgbatchi15_predi0,95
2569,mainbatchi18_imgbatchi15_predi1,34
2570,mainbatchi18_imgbatchi16_predi3,68
2571,mainbatchi18_imgbatchi16_predi5,98
2572,mainbatchi18_imgbatchi16_predi4,52
2573,mainbatchi18_imgbatchi16_predi2,63
2574,mainbatchi18_imgbatchi16_predi6,191
2575,mainbatchi18_imgbatchi16_predi7,115
2576,mainbatchi18_imgbatchi16_predi0,12
2577,mainbatchi18_imgbatchi16_predi1,108
2578,mainbatchi18_imgbatchi17_predi2,43
2579,mainbatchi18_imgbatchi17_predi1,108
2580,mainbatchi18_imgbatchi17_predi0,58
2581,mainbatchi18_imgbatchi18_predi3,158
2582,mainbatchi18_imgbatchi18_predi1,45
2583,mainbatchi18_imgbatchi18_predi0,44
2584,mainbatchi18_imgbatchi18_predi5,142
2585,mainbatchi18_imgbatchi18_predi7,1
2586,mainbatchi18_imgbatchi18_predi23,6
2587,mainbatchi18_imgbatchi18_predi6,191
2588,mainbatchi18_imgbatchi18_predi4,120
2589,mainbatchi18_imgbatchi19_predi2,208
2590,mainbatchi18_imgbatchi19_predi0,171
2591,mainbatchi18_imgbatchi19_predi1,119
2592,mainbatchi18_imgbatchi19_predi25,178
2593,mainbatchi18_imgbatchi19_predi3,171
2594,mainbatchi18_imgbatchi20_predi1,6
2595,mainbatchi18_imgbatchi20_predi0,12
2596,mainbatchi18_imgbatchi20_predi2,191
2597,mainbatchi18_imgbatchi21_predi8,128
2598,mainbatchi18_imgbatchi21_predi4,191
2599,mainbatchi18_imgbatchi21_predi3,142
2600,mainbatchi18_imgbatchi21_predi1,1
2601,mainbatchi18_imgbatchi21_predi0,1
2602,mainbatchi18_imgbatchi21_predi5,1
2603,mainbatchi18_imgbatchi21_predi2,1
2604,mainbatchi18_imgbatchi21_predi10,1
2605,mainbatchi18_imgbatchi22_predi2,191
2606,mainbatchi18_imgbatchi22_predi4,191
2607,mainbatchi18_imgbatchi22_predi1,1
2608,mainbatchi18_imgbatchi22_predi0,2
2609,mainbatchi18_imgbatchi22_predi3,122
2610,mainbatchi18_imgbatchi23_predi3,44
2611,mainbatchi18_imgbatchi23_predi2,191
2612,mainbatchi18_imgbatchi23_predi6,110
2613,mainbatchi18_imgbatchi23_predi1,200
2614,mainbatchi18_imgbatchi24_predi2,45
2615,mainbatchi18_imgbatchi24_predi0,1
2616,mainbatchi18_imgbatchi24_predi1,6
2617,mainbatchi18_imgbatchi25_predi0,212
2618,mainbatchi18_imgbatchi25_predi4,215
2619,mainbatchi18_imgbatchi25_predi3,158
2620,mainbatchi18_imgbatchi25_predi1,98
2621,mainbatchi18_imgbatchi25_predi5,6
2622,mainbatchi18_imgbatchi25_predi2,200
2623,mainbatchi18_imgbatchi26_predi1,191
2624,mainbatchi18_imgbatchi26_predi0,2
2625,mainbatchi18_imgbatchi26_predi2,191
2626,mainbatchi18_imgbatchi27_predi1,197
2627,mainbatchi18_imgbatchi27_predi0,191
2628,mainbatchi18_imgbatchi27_predi2,193
2629,mainbatchi18_imgbatchi28_predi2,166
2630,mainbatchi18_imgbatchi28_predi1,197
2631,mainbatchi18_imgbatchi28_predi6,119
2632,mainbatchi18_imgbatchi28_predi0,63
2633,mainbatchi18_imgbatchi29_predi0,108
2634,mainbatchi18_imgbatchi29_predi3,12
2635,mainbatchi18_imgbatchi29_predi4,98
2636,mainbatchi18_imgbatchi29_predi1,119
2637,mainbatchi18_imgbatchi29_predi2,108
2638,mainbatchi18_imgbatchi30_predi2,140
2639,mainbatchi18_imgbatchi30_predi1,216
2640,mainbatchi18_imgbatchi30_predi0,1
2641,mainbatchi18_imgbatchi30_predi5,191
2642,mainbatchi18_imgbatchi30_predi3,128
2643,mainbatchi18_imgbatchi30_predi9,140
2644,mainbatchi18_imgbatchi31_predi2,111
2645,mainbatchi18_imgbatchi31_predi0,216
2646,mainbatchi18_imgbatchi31_predi3,131
2647,mainbatchi18_imgbatchi31_predi1,175
2648,mainbatchi18_imgbatchi31_predi4,108
2649,mainbatchi19_imgbatchi0_predi0,45
2650,mainbatchi19_imgbatchi0_predi2,128
2651,mainbatchi19_imgbatchi0_predi1,108
2652,mainbatchi19_imgbatchi1_predi5,191
2653,mainbatchi19_imgbatchi1_predi0,142
2654,mainbatchi19_imgbatchi1_predi2,119
2655,mainbatchi19_imgbatchi1_predi1,216
2656,mainbatchi19_imgbatchi1_predi3,1
2657,mainbatchi19_imgbatchi1_predi7,12
2658,mainbatchi19_imgbatchi2_predi0,41
2659,mainbatchi19_imgbatchi2_predi1,56
2660,mainbatchi19_imgbatchi3_predi6,142
2661,mainbatchi19_imgbatchi3_predi4,191
2662,mainbatchi19_imgbatchi3_predi2,151
2663,mainbatchi19_imgbatchi3_predi0,178
2664,mainbatchi19_imgbatchi3_predi5,128
2665,mainbatchi19_imgbatchi3_predi1,191
2666,mainbatchi19_imgbatchi4_predi5,216
2667,mainbatchi19_imgbatchi4_predi3,191
2668,mainbatchi19_imgbatchi4_predi4,189
2669,mainbatchi19_imgbatchi4_predi0,63
2670,mainbatchi19_imgbatchi4_predi2,191
2671,mainbatchi19_imgbatchi4_predi1,112
2672,mainbatchi19_imgbatchi5_predi2,2
2673,mainbatchi19_imgbatchi5_predi3,1
2674,mainbatchi19_imgbatchi5_predi1,142
2675,mainbatchi19_imgbatchi5_predi0,68
2676,mainbatchi19_imgbatchi6_predi6,171
2677,mainbatchi19_imgbatchi6_predi0,96
2678,mainbatchi19_imgbatchi6_predi1,111
2679,mainbatchi19_imgbatchi6_predi2,33
2680,mainbatchi19_imgbatchi6_predi5,108
2681,mainbatchi19_imgbatchi6_predi7,128
2682,mainbatchi19_imgbatchi6_predi4,2
2683,mainbatchi19_imgbatchi7_predi1,5
2684,mainbatchi19_imgbatchi7_predi3,208
2685,mainbatchi19_imgbatchi7_predi0,212
2686,mainbatchi19_imgbatchi7_predi4,189
2687,mainbatchi19_imgbatchi7_predi2,63
2688,mainbatchi19_imgbatchi7_predi5,134
2689,mainbatchi19_imgbatchi8_predi1,128
2690,mainbatchi19_imgbatchi8_predi0,1
2691,mainbatchi19_imgbatchi9_predi0,160
2692,mainbatchi19_imgbatchi9_predi3,12
2693,mainbatchi19_imgbatchi9_predi1,27
2694,mainbatchi19_imgbatchi9_predi2,2
2695,mainbatchi19_imgbatchi10_predi0,12
2696,mainbatchi19_imgbatchi10_predi3,136
2697,mainbatchi19_imgbatchi10_predi5,193
2698,mainbatchi19_imgbatchi10_predi1,6
2699,mainbatchi19_imgbatchi10_predi4,128
2700,mainbatchi19_imgbatchi10_predi2,6
2701,mainbatchi19_imgbatchi11_predi1,187
2702,mainbatchi19_imgbatchi11_predi0,2
2703,mainbatchi19_imgbatchi11_predi11,191
2704,mainbatchi19_imgbatchi12_predi5,119
2705,mainbatchi19_imgbatchi12_predi3,63
2706,mainbatchi19_imgbatchi12_predi11,197
2707,mainbatchi19_imgbatchi12_predi1,63
2708,mainbatchi19_imgbatchi12_predi2,13
2709,mainbatchi19_imgbatchi12_predi0,12
2710,mainbatchi19_imgbatchi12_predi9,56
2711,mainbatchi19_imgbatchi12_predi4,6
2712,mainbatchi19_imgbatchi13_predi2,58
2713,mainbatchi19_imgbatchi13_predi4,111
2714,mainbatchi19_imgbatchi13_predi3,71
2715,mainbatchi19_imgbatchi13_predi0,47
2716,mainbatchi19_imgbatchi13_predi1,4
2717,mainbatchi19_imgbatchi14_predi3,98
2718,mainbatchi19_imgbatchi14_predi2,200
2719,mainbatchi19_imgbatchi14_predi4,98
2720,mainbatchi19_imgbatchi14_predi1,139
2721,mainbatchi19_imgbatchi14_predi0,139
2722,mainbatchi19_imgbatchi15_predi0,140
2723,mainbatchi19_imgbatchi15_predi3,65
2724,mainbatchi19_imgbatchi15_predi1,191
2725,mainbatchi19_imgbatchi15_predi2,204
2726,mainbatchi19_imgbatchi15_predi5,208
2727,mainbatchi19_imgbatchi16_predi0,43
2728,mainbatchi19_imgbatchi16_predi4,1
2729,mainbatchi19_imgbatchi16_predi2,1
2730,mainbatchi19_imgbatchi16_predi3,193
2731,mainbatchi19_imgbatchi16_predi1,191
2732,mainbatchi19_imgbatchi16_predi5,63
2733,mainbatchi19_imgbatchi17_predi5,191
2734,mainbatchi19_imgbatchi17_predi0,68
2735,mainbatchi19_imgbatchi17_predi4,191
2736,mainbatchi19_imgbatchi17_predi2,171
2737,mainbatchi19_imgbatchi17_predi1,63
2738,mainbatchi19_imgbatchi17_predi3,191
2739,mainbatchi19_imgbatchi18_predi14,157
2740,mainbatchi19_imgbatchi18_predi1,44
2741,mainbatchi19_imgbatchi18_predi0,183
2742,mainbatchi19_imgbatchi19_predi2,116
2743,mainbatchi19_imgbatchi19_predi7,142
2744,mainbatchi19_imgbatchi19_predi9,206
2745,mainbatchi19_imgbatchi19_predi13,1
2746,mainbatchi19_imgbatchi19_predi1,1
2747,mainbatchi19_imgbatchi19_predi3,1
2748,mainbatchi19_imgbatchi19_predi4,1
2749,mainbatchi19_imgbatchi19_predi5,5
2750,mainbatchi19_imgbatchi19_predi0,5
2751,mainbatchi19_imgbatchi20_predi3,213
2752,mainbatchi19_imgbatchi20_predi4,128
2753,mainbatchi19_imgbatchi20_predi1,151
2754,mainbatchi19_imgbatchi21_predi3,197
2755,mainbatchi19_imgbatchi21_predi4,191
2756,mainbatchi19_imgbatchi21_predi0,1
2757,mainbatchi19_imgbatchi21_predi1,34
2758,mainbatchi19_imgbatchi21_predi7,12
2759,mainbatchi19_imgbatchi21_predi2,108
2760,mainbatchi19_imgbatchi22_predi2,6
2761,mainbatchi19_imgbatchi22_predi3,206
2762,mainbatchi19_imgbatchi22_predi0,212
2763,mainbatchi19_imgbatchi22_predi4,136
2764,mainbatchi19_imgbatchi22_predi1,98
2765,mainbatchi19_imgbatchi23_predi0,1
2766,mainbatchi19_imgbatchi23_predi1,68
2767,mainbatchi19_imgbatchi24_predi0,63
2768,mainbatchi19_imgbatchi25_predi1,44
2769,mainbatchi19_imgbatchi25_predi0,210
2770,mainbatchi19_imgbatchi25_predi2,141
2771,mainbatchi19_imgbatchi26_predi3,191
2772,mainbatchi19_imgbatchi26_predi2,191
2773,mainbatchi19_imgbatchi26_predi1,2
2774,mainbatchi19_imgbatchi26_predi0,6
2775,mainbatchi19_imgbatchi27_predi2,63
2776,mainbatchi19_imgbatchi27_predi0,4
2777,mainbatchi19_imgbatchi27_predi1,98
2778,mainbatchi19_imgbatchi28_predi0,18
2779,mainbatchi19_imgbatchi28_predi7,99
2780,mainbatchi19_imgbatchi28_predi1,191
2781,mainbatchi19_imgbatchi29_predi0,65
2782,mainbatchi19_imgbatchi29_predi8,191
2783,mainbatchi19_imgbatchi29_predi6,12
2784,mainbatchi19_imgbatchi29_predi4,74
2785,mainbatchi19_imgbatchi29_predi3,173
2786,mainbatchi19_imgbatchi29_predi1,108
2787,mainbatchi19_imgbatchi29_predi18,12
2788,mainbatchi19_imgbatchi29_predi11,12
2789,mainbatchi19_imgbatchi29_predi2,128
2790,mainbatchi19_imgbatchi29_predi5,119
2791,mainbatchi19_imgbatchi29_predi7,191
2792,mainbatchi19_imgbatchi30_predi1,128
2793,mainbatchi19_imgbatchi30_predi3,191
2794,mainbatchi19_imgbatchi30_predi0,1
2795,mainbatchi19_imgbatchi30_predi2,215
2796,mainbatchi19_imgbatchi30_predi5,1
2797,mainbatchi19_imgbatchi31_predi0,171
2798,mainbatchi20_imgbatchi0_predi0,108
2799,mainbatchi20_imgbatchi0_predi7,64
2800,mainbatchi20_imgbatchi0_predi4,147
2801,mainbatchi20_imgbatchi0_predi3,111
2802,mainbatchi20_imgbatchi0_predi5,63
2803,mainbatchi20_imgbatchi0_predi2,111
2804,mainbatchi20_imgbatchi0_predi1,27
2805,mainbatchi20_imgbatchi0_predi6,136
2806,mainbatchi20_imgbatchi1_predi4,191
2807,mainbatchi20_imgbatchi1_predi2,43
2808,mainbatchi20_imgbatchi1_predi5,12
2809,mainbatchi20_imgbatchi1_predi1,34
2810,mainbatchi20_imgbatchi1_predi0,108
2811,mainbatchi20_imgbatchi1_predi6,58
2812,mainbatchi20_imgbatchi2_predi0,71
2813,mainbatchi20_imgbatchi2_predi1,1
2814,mainbatchi20_imgbatchi2_predi2,151
2815,mainbatchi20_imgbatchi3_predi1,191
2816,mainbatchi20_imgbatchi3_predi0,63
2817,mainbatchi20_imgbatchi4_predi2,191
2818,mainbatchi20_imgbatchi4_predi0,4
2819,mainbatchi20_imgbatchi4_predi1,154
2820,mainbatchi20_imgbatchi5_predi0,2
2821,mainbatchi20_imgbatchi6_predi3,141
2822,mainbatchi20_imgbatchi6_predi0,119
2823,mainbatchi20_imgbatchi6_predi1,191
2824,mainbatchi20_imgbatchi6_predi2,4
2825,mainbatchi20_imgbatchi7_predi2,73
2826,mainbatchi20_imgbatchi7_predi1,108
2827,mainbatchi20_imgbatchi7_predi4,34
2828,mainbatchi20_imgbatchi7_predi0,5
2829,mainbatchi20_imgbatchi8_predi1,1
2830,mainbatchi20_imgbatchi8_predi2,187
2831,mainbatchi20_imgbatchi8_predi0,215
2832,mainbatchi20_imgbatchi9_predi0,142
2833,mainbatchi20_imgbatchi9_predi8,12
2834,mainbatchi20_imgbatchi10_predi0,212
2835,mainbatchi20_imgbatchi10_predi1,157
2836,mainbatchi20_imgbatchi11_predi1,122
2837,mainbatchi20_imgbatchi11_predi0,1
2838,mainbatchi20_imgbatchi12_predi1,160
2839,mainbatchi20_imgbatchi12_predi0,45
2840,mainbatchi20_imgbatchi12_predi2,108
2841,mainbatchi20_imgbatchi13_predi0,52
2842,mainbatchi20_imgbatchi13_predi2,62
2843,mainbatchi20_imgbatchi13_predi1,141
2844,mainbatchi20_imgbatchi14_predi1,116
2845,mainbatchi20_imgbatchi14_predi0,58
2846,mainbatchi20_imgbatchi15_predi3,111
2847,mainbatchi20_imgbatchi15_predi4,158
2848,mainbatchi20_imgbatchi15_predi2,41
2849,mainbatchi20_imgbatchi15_predi1,6
2850,mainbatchi20_imgbatchi15_predi0,106
2851,mainbatchi20_imgbatchi16_predi0,191
2852,mainbatchi20_imgbatchi16_predi1,128
2853,mainbatchi20_imgbatchi16_predi11,155
2854,mainbatchi20_imgbatchi16_predi3,141
2855,mainbatchi20_imgbatchi17_predi4,210
2856,mainbatchi20_imgbatchi17_predi3,215
2857,mainbatchi20_imgbatchi17_predi2,98
2858,mainbatchi20_imgbatchi17_predi1,110
2859,mainbatchi20_imgbatchi17_predi0,63
2860,mainbatchi20_imgbatchi18_predi1,65
2861,mainbatchi20_imgbatchi18_predi2,128
2862,mainbatchi20_imgbatchi18_predi5,210
2863,mainbatchi20_imgbatchi18_predi0,98
2864,mainbatchi20_imgbatchi19_predi3,63
2865,mainbatchi20_imgbatchi19_predi4,191
2866,mainbatchi20_imgbatchi19_predi2,142
2867,mainbatchi20_imgbatchi19_predi1,5
2868,mainbatchi20_imgbatchi19_predi0,110
2869,mainbatchi20_imgbatchi20_predi0,69
2870,mainbatchi20_imgbatchi20_predi1,178
2871,mainbatchi20_imgbatchi20_predi2,141
2872,mainbatchi20_imgbatchi21_predi0,74
2873,mainbatchi20_imgbatchi21_predi1,171
2874,mainbatchi20_imgbatchi22_predi0,98
2875,mainbatchi20_imgbatchi23_predi1,141
2876,mainbatchi20_imgbatchi23_predi3,157
2877,mainbatchi20_imgbatchi23_predi0,151
2878,mainbatchi20_imgbatchi24_predi1,6
2879,mainbatchi20_imgbatchi24_predi2,45
2880,mainbatchi20_imgbatchi24_predi0,1
2881,mainbatchi20_imgbatchi25_predi3,122
2882,mainbatchi20_imgbatchi25_predi4,191
2883,mainbatchi20_imgbatchi25_predi0,2
2884,mainbatchi20_imgbatchi25_predi2,191
2885,mainbatchi20_imgbatchi25_predi1,1
2886,mainbatchi20_imgbatchi26_predi0,69
2887,mainbatchi20_imgbatchi26_predi1,2
2888,mainbatchi20_imgbatchi26_predi2,58
2889,mainbatchi20_imgbatchi26_predi3,58
2890,mainbatchi20_imgbatchi27_predi4,142
2891,mainbatchi20_imgbatchi27_predi2,1
2892,mainbatchi20_imgbatchi27_predi1,1
2893,mainbatchi20_imgbatchi27_predi0,1
2894,mainbatchi20_imgbatchi28_predi1,108
2895,mainbatchi20_imgbatchi28_predi0,191
2896,mainbatchi20_imgbatchi28_predi2,63
2897,mainbatchi20_imgbatchi28_predi3,112
2898,mainbatchi20_imgbatchi29_predi2,1
2899,mainbatchi20_imgbatchi29_predi3,1
2900,mainbatchi20_imgbatchi29_predi4,1
2901,mainbatchi20_imgbatchi29_predi0,1
2902,mainbatchi20_imgbatchi29_predi1,1
2903,mainbatchi20_imgbatchi30_predi2,191
2904,mainbatchi20_imgbatchi30_predi1,73
2905,mainbatchi20_imgbatchi30_predi0,58
2906,mainbatchi20_imgbatchi31_predi3,1
2907,mainbatchi20_imgbatchi31_predi1,2
2908,mainbatchi20_imgbatchi31_predi0,2
2909,mainbatchi20_imgbatchi31_predi6,191
2910,mainbatchi20_imgbatchi31_predi2,2
2911,mainbatchi20_imgbatchi31_predi5,142
2912,mainbatchi20_imgbatchi31_predi4,191
2913,mainbatchi21_imgbatchi0_predi0,6
2914,mainbatchi21_imgbatchi0_predi7,6
2915,mainbatchi21_imgbatchi0_predi2,111
2916,mainbatchi21_imgbatchi0_predi5,193
2917,mainbatchi21_imgbatchi0_predi3,88
2918,mainbatchi21_imgbatchi0_predi6,119
2919,mainbatchi21_imgbatchi0_predi1,6
2920,mainbatchi21_imgbatchi1_predi0,74
2921,mainbatchi21_imgbatchi2_predi0,6
2922,mainbatchi21_imgbatchi3_predi1,65
2923,mainbatchi21_imgbatchi3_predi2,71
2924,mainbatchi21_imgbatchi3_predi0,6
2925,mainbatchi21_imgbatchi3_predi3,44
2926,mainbatchi21_imgbatchi4_predi10,157
2927,mainbatchi21_imgbatchi4_predi1,88
2928,mainbatchi21_imgbatchi4_predi3,6
2929,mainbatchi21_imgbatchi4_predi5,111
2930,mainbatchi21_imgbatchi4_predi16,166
2931,mainbatchi21_imgbatchi4_predi2,6
2932,mainbatchi21_imgbatchi4_predi0,6
2933,mainbatchi21_imgbatchi5_predi0,142
2934,mainbatchi21_imgbatchi6_predi2,215
2935,mainbatchi21_imgbatchi6_predi0,210
2936,mainbatchi21_imgbatchi6_predi1,210
2937,mainbatchi21_imgbatchi7_predi1,59
2938,mainbatchi21_imgbatchi7_predi0,71
2939,mainbatchi21_imgbatchi8_predi0,212
2940,mainbatchi21_imgbatchi8_predi1,98
2941,mainbatchi21_imgbatchi8_predi3,197
2942,mainbatchi21_imgbatchi8_predi4,43
2943,mainbatchi21_imgbatchi8_predi2,68
2944,mainbatchi21_imgbatchi8_predi5,6
2945,mainbatchi21_imgbatchi9_predi5,158
2946,mainbatchi21_imgbatchi9_predi25,41
2947,mainbatchi21_imgbatchi9_predi1,98
2948,mainbatchi21_imgbatchi9_predi11,12
2949,mainbatchi21_imgbatchi9_predi3,191
2950,mainbatchi21_imgbatchi9_predi0,108
2951,mainbatchi21_imgbatchi9_predi4,128
2952,mainbatchi21_imgbatchi9_predi2,98
2953,mainbatchi21_imgbatchi10_predi2,1
2954,mainbatchi21_imgbatchi10_predi0,12
2955,mainbatchi21_imgbatchi11_predi6,45
2956,mainbatchi21_imgbatchi11_predi0,2
2957,mainbatchi21_imgbatchi11_predi3,191
2958,mainbatchi21_imgbatchi11_predi2,191
2959,mainbatchi21_imgbatchi11_predi1,43
2960,mainbatchi21_imgbatchi12_predi5,12
2961,mainbatchi21_imgbatchi12_predi1,6
2962,mainbatchi21_imgbatchi12_predi3,191
2963,mainbatchi21_imgbatchi12_predi0,197
2964,mainbatchi21_imgbatchi12_predi29,197
2965,mainbatchi21_imgbatchi12_predi4,178
2966,mainbatchi21_imgbatchi12_predi2,191
2967,mainbatchi21_imgbatchi13_predi1,68
2968,mainbatchi21_imgbatchi13_predi2,215
2969,mainbatchi21_imgbatchi13_predi3,142
2970,mainbatchi21_imgbatchi13_predi0,63
2971,mainbatchi21_imgbatchi14_predi0,58
2972,mainbatchi21_imgbatchi15_predi0,63
2973,mainbatchi21_imgbatchi15_predi15,6
2974,mainbatchi21_imgbatchi15_predi2,69
2975,mainbatchi21_imgbatchi15_predi1,215
2976,mainbatchi21_imgbatchi16_predi1,213
2977,mainbatchi21_imgbatchi16_predi0,55
2978,mainbatchi21_imgbatchi16_predi4,140
2979,mainbatchi21_imgbatchi16_predi2,111
2980,mainbatchi21_imgbatchi16_predi3,71
2981,mainbatchi21_imgbatchi17_predi3,197
2982,mainbatchi21_imgbatchi17_predi2,191
2983,mainbatchi21_imgbatchi17_predi0,2
2984,mainbatchi21_imgbatchi17_predi5,157
2985,mainbatchi21_imgbatchi17_predi1,140
2986,mainbatchi21_imgbatchi17_predi14,193
2987,mainbatchi21_imgbatchi18_predi1,187
2988,mainbatchi21_imgbatchi18_predi0,1
2989,mainbatchi21_imgbatchi18_predi2,191
2990,mainbatchi21_imgbatchi19_predi4,191
2991,mainbatchi21_imgbatchi19_predi1,136
2992,mainbatchi21_imgbatchi19_predi0,41
2993,mainbatchi21_imgbatchi19_predi2,191
2994,mainbatchi21_imgbatchi20_predi1,27
2995,mainbatchi21_imgbatchi20_predi2,4
2996,mainbatchi21_imgbatchi20_predi0,28
2997,mainbatchi21_imgbatchi20_predi4,204
2998,mainbatchi21_imgbatchi20_predi3,197
2999,mainbatchi21_imgbatchi21_predi1,6
3000,mainbatchi21_imgbatchi21_predi3,128
3001,mainbatchi21_imgbatchi21_predi4,200
3002,mainbatchi21_imgbatchi21_predi5,128
3003,mainbatchi21_imgbatchi21_predi2,6
3004,mainbatchi21_imgbatchi21_predi0,12
3005,mainbatchi21_imgbatchi22_predi2,139
3006,mainbatchi21_imgbatchi22_predi0,1
3007,mainbatchi21_imgbatchi23_predi0,216
3008,mainbatchi21_imgbatchi23_predi1,141
3009,mainbatchi21_imgbatchi24_predi0,65
3010,mainbatchi21_imgbatchi25_predi1,212
3011,mainbatchi21_imgbatchi25_predi5,108
3012,mainbatchi21_imgbatchi25_predi3,98
3013,mainbatchi21_imgbatchi25_predi2,6
3014,mainbatchi21_imgbatchi25_predi4,98
3015,mainbatchi21_imgbatchi25_predi7,183
3016,mainbatchi21_imgbatchi25_predi0,71
3017,mainbatchi21_imgbatchi25_predi8,111
3018,mainbatchi21_imgbatchi25_predi50,1
3019,mainbatchi21_imgbatchi26_predi4,142
3020,mainbatchi21_imgbatchi26_predi3,111
3021,mainbatchi21_imgbatchi26_predi1,47
3022,mainbatchi21_imgbatchi26_predi2,4
3023,mainbatchi21_imgbatchi26_predi5,141
3024,mainbatchi21_imgbatchi26_predi0,62
3025,mainbatchi21_imgbatchi26_predi12,157
3026,mainbatchi21_imgbatchi27_predi0,1
3027,mainbatchi21_imgbatchi28_predi7,58
3028,mainbatchi21_imgbatchi28_predi9,62
3029,mainbatchi21_imgbatchi28_predi1,63
3030,mainbatchi21_imgbatchi28_predi2,47
3031,mainbatchi21_imgbatchi28_predi6,191
3032,mainbatchi21_imgbatchi28_predi3,127
3033,mainbatchi21_imgbatchi28_predi5,1
3034,mainbatchi21_imgbatchi28_predi0,111
3035,mainbatchi21_imgbatchi28_predi4,148
3036,mainbatchi21_imgbatchi29_predi1,63
3037,mainbatchi21_imgbatchi29_predi0,216
3038,mainbatchi21_imgbatchi30_predi0,216
3039,mainbatchi21_imgbatchi30_predi2,6
3040,mainbatchi21_imgbatchi30_predi1,119
3041,mainbatchi21_imgbatchi31_predi3,128
3042,mainbatchi21_imgbatchi31_predi5,157
3043,mainbatchi21_imgbatchi31_predi1,192
3044,mainbatchi21_imgbatchi31_predi0,5
3045,mainbatchi21_imgbatchi31_predi2,12
3046,mainbatchi22_imgbatchi0_predi0,1
3047,mainbatchi22_imgbatchi0_predi1,191
3048,mainbatchi22_imgbatchi0_predi2,142
3049,mainbatchi22_imgbatchi1_predi0,5
3050,mainbatchi22_imgbatchi1_predi1,161
3051,mainbatchi22_imgbatchi2_predi1,191
3052,mainbatchi22_imgbatchi2_predi17,111
3053,mainbatchi22_imgbatchi2_predi0,2
3054,mainbatchi22_imgbatchi3_predi0,1
3055,mainbatchi22_imgbatchi3_predi1,142
3056,mainbatchi22_imgbatchi4_predi1,98
3057,mainbatchi22_imgbatchi4_predi0,6
3058,mainbatchi22_imgbatchi5_predi7,98
3059,mainbatchi22_imgbatchi5_predi42,136
3060,mainbatchi22_imgbatchi5_predi2,6
3061,mainbatchi22_imgbatchi5_predi3,126
3062,mainbatchi22_imgbatchi5_predi0,43
3063,mainbatchi22_imgbatchi5_predi4,6
3064,mainbatchi22_imgbatchi6_predi1,1
3065,mainbatchi22_imgbatchi6_predi4,95
3066,mainbatchi22_imgbatchi6_predi3,175
3067,mainbatchi22_imgbatchi6_predi0,95
3068,mainbatchi22_imgbatchi6_predi9,197
3069,mainbatchi22_imgbatchi6_predi2,1
3070,mainbatchi22_imgbatchi7_predi2,181
3071,mainbatchi22_imgbatchi7_predi3,191
3072,mainbatchi22_imgbatchi7_predi0,94
3073,mainbatchi22_imgbatchi7_predi4,185
3074,mainbatchi22_imgbatchi7_predi5,191
3075,mainbatchi22_imgbatchi7_predi6,191
3076,mainbatchi22_imgbatchi7_predi8,43
3077,mainbatchi22_imgbatchi7_predi1,6
3078,mainbatchi22_imgbatchi8_predi0,68
3079,mainbatchi22_imgbatchi8_predi1,216
3080,mainbatchi22_imgbatchi9_predi2,200
3081,mainbatchi22_imgbatchi9_predi0,69
3082,mainbatchi22_imgbatchi9_predi3,154
3083,mainbatchi22_imgbatchi9_predi4,191
3084,mainbatchi22_imgbatchi9_predi6,1
3085,mainbatchi22_imgbatchi9_predi1,1
3086,mainbatchi22_imgbatchi9_predi7,1
3087,mainbatchi22_imgbatchi10_predi1,191
3088,mainbatchi22_imgbatchi10_predi2,191
3089,mainbatchi22_imgbatchi10_predi5,2
3090,mainbatchi22_imgbatchi10_predi0,2
3091,mainbatchi22_imgbatchi10_predi3,190
3092,mainbatchi22_imgbatchi11_predi1,4
3093,mainbatchi22_imgbatchi11_predi2,189
3094,mainbatchi22_imgbatchi11_predi0,154
3095,mainbatchi22_imgbatchi11_predi7,1
3096,mainbatchi22_imgbatchi11_predi3,216
3097,mainbatchi22_imgbatchi12_predi0,191
3098,mainbatchi22_imgbatchi12_predi1,128
3099,mainbatchi22_imgbatchi13_predi3,142
3100,mainbatchi22_imgbatchi13_predi1,1
3101,mainbatchi22_imgbatchi13_predi2,1
3102,mainbatchi22_imgbatchi13_predi0,1
3103,mainbatchi22_imgbatchi13_predi7,151
3104,mainbatchi22_imgbatchi14_predi4,4
3105,mainbatchi22_imgbatchi14_predi1,142
3106,mainbatchi22_imgbatchi14_predi2,210
3107,mainbatchi22_imgbatchi14_predi0,128
3108,mainbatchi22_imgbatchi14_predi3,151
3109,mainbatchi22_imgbatchi15_predi0,215
3110,mainbatchi22_imgbatchi15_predi1,141
3111,mainbatchi22_imgbatchi15_predi2,2
3112,mainbatchi22_imgbatchi16_predi5,139
3113,mainbatchi22_imgbatchi16_predi3,151
3114,mainbatchi22_imgbatchi16_predi0,210
3115,mainbatchi22_imgbatchi16_predi4,121
3116,mainbatchi22_imgbatchi16_predi2,4
3117,mainbatchi22_imgbatchi16_predi1,200
3118,mainbatchi22_imgbatchi17_predi1,99
3119,mainbatchi22_imgbatchi17_predi2,63
3120,mainbatchi22_imgbatchi17_predi7,71
3121,mainbatchi22_imgbatchi17_predi0,51
3122,mainbatchi22_imgbatchi17_predi3,213
3123,mainbatchi22_imgbatchi18_predi2,197
3124,mainbatchi22_imgbatchi18_predi0,34
3125,mainbatchi22_imgbatchi18_predi1,6
3126,mainbatchi22_imgbatchi18_predi3,56
3127,mainbatchi22_imgbatchi18_predi4,176
3128,mainbatchi22_imgbatchi19_predi5,191
3129,mainbatchi22_imgbatchi19_predi2,2
3130,mainbatchi22_imgbatchi19_predi4,191
3131,mainbatchi22_imgbatchi19_predi1,141
3132,mainbatchi22_imgbatchi19_predi0,26
3133,mainbatchi22_imgbatchi19_predi3,1
3134,mainbatchi22_imgbatchi20_predi1,188
3135,mainbatchi22_imgbatchi20_predi0,1
3136,mainbatchi22_imgbatchi20_predi2,108
3137,mainbatchi22_imgbatchi21_predi3,142
3138,mainbatchi22_imgbatchi21_predi0,213
3139,mainbatchi22_imgbatchi21_predi5,142
3140,mainbatchi22_imgbatchi21_predi2,149
3141,mainbatchi22_imgbatchi22_predi1,142
3142,mainbatchi22_imgbatchi22_predi2,6
3143,mainbatchi22_imgbatchi22_predi0,6
3144,mainbatchi22_imgbatchi23_predi2,111
3145,mainbatchi22_imgbatchi23_predi0,8
3146,mainbatchi22_imgbatchi23_predi4,197
3147,mainbatchi22_imgbatchi23_predi3,44
3148,mainbatchi22_imgbatchi24_predi1,209
3149,mainbatchi22_imgbatchi24_predi0,43
3150,mainbatchi22_imgbatchi25_predi1,56
3151,mainbatchi22_imgbatchi25_predi0,216
3152,mainbatchi22_imgbatchi26_predi0,56
3153,mainbatchi22_imgbatchi26_predi3,142
3154,mainbatchi22_imgbatchi26_predi1,1
3155,mainbatchi22_imgbatchi26_predi2,137
3156,mainbatchi22_imgbatchi27_predi1,1
3157,mainbatchi22_imgbatchi27_predi0,68
3158,mainbatchi22_imgbatchi28_predi1,45
3159,mainbatchi22_imgbatchi28_predi5,142
3160,mainbatchi22_imgbatchi28_predi6,191
3161,mainbatchi22_imgbatchi28_predi4,191
3162,mainbatchi22_imgbatchi28_predi13,1
3163,mainbatchi22_imgbatchi29_predi0,68
3164,mainbatchi22_imgbatchi30_predi2,12
3165,mainbatchi22_imgbatchi30_predi0,1
3166,mainbatchi22_imgbatchi31_predi3,141
3167,mainbatchi22_imgbatchi31_predi1,215
3168,mainbatchi22_imgbatchi31_predi2,142
3169,mainbatchi22_imgbatchi31_predi0,111
3170,mainbatchi23_imgbatchi0_predi0,111
3171,mainbatchi23_imgbatchi0_predi2,2
3172,mainbatchi23_imgbatchi0_predi5,197
3173,mainbatchi23_imgbatchi0_predi3,52
3174,mainbatchi23_imgbatchi0_predi4,191
3175,mainbatchi23_imgbatchi1_predi0,1
3176,mainbatchi23_imgbatchi1_predi2,145
3177,mainbatchi23_imgbatchi1_predi1,142
3178,mainbatchi23_imgbatchi2_predi0,121
3179,mainbatchi23_imgbatchi3_predi7,213
3180,mainbatchi23_imgbatchi3_predi2,140
3181,mainbatchi23_imgbatchi3_predi3,140
3182,mainbatchi23_imgbatchi3_predi0,2
3183,mainbatchi23_imgbatchi3_predi1,215
3184,mainbatchi23_imgbatchi4_predi0,63
3185,mainbatchi23_imgbatchi4_predi1,204
3186,mainbatchi23_imgbatchi5_predi2,131
3187,mainbatchi23_imgbatchi5_predi1,191
3188,mainbatchi23_imgbatchi5_predi0,1
3189,mainbatchi23_imgbatchi6_predi5,12
3190,mainbatchi23_imgbatchi6_predi7,128
3191,mainbatchi23_imgbatchi6_predi6,193
3192,mainbatchi23_imgbatchi6_predi3,200
3193,mainbatchi23_imgbatchi6_predi0,98
3194,mainbatchi23_imgbatchi6_predi1,191
3195,mainbatchi23_imgbatchi6_predi4,177
3196,mainbatchi23_imgbatchi6_predi2,191
3197,mainbatchi23_imgbatchi6_predi9,191
3198,mainbatchi23_imgbatchi7_predi0,90
3199,mainbatchi23_imgbatchi7_predi2,27
3200,mainbatchi23_imgbatchi7_predi1,151
3201,mainbatchi23_imgbatchi8_predi2,165
3202,mainbatchi23_imgbatchi8_predi1,208
3203,mainbatchi23_imgbatchi8_predi3,154
3204,mainbatchi23_imgbatchi8_predi0,191
3205,mainbatchi23_imgbatchi9_predi4,68
3206,mainbatchi23_imgbatchi9_predi5,212
3207,mainbatchi23_imgbatchi9_predi1,98
3208,mainbatchi23_imgbatchi9_predi0,43
3209,mainbatchi23_imgbatchi9_predi3,200
3210,mainbatchi23_imgbatchi9_predi2,193
3211,mainbatchi23_imgbatchi9_predi8,136
3212,mainbatchi23_imgbatchi9_predi6,6
3213,mainbatchi23_imgbatchi10_predi2,150
3214,mainbatchi23_imgbatchi10_predi4,191
3215,mainbatchi23_imgbatchi10_predi1,197
3216,mainbatchi23_imgbatchi10_predi0,111
3217,mainbatchi23_imgbatchi10_predi3,27
3218,mainbatchi23_imgbatchi11_predi1,63
3219,mainbatchi23_imgbatchi11_predi0,116
3220,mainbatchi23_imgbatchi12_predi1,1
3221,mainbatchi23_imgbatchi12_predi2,128
3222,mainbatchi23_imgbatchi12_predi6,191
3223,mainbatchi23_imgbatchi12_predi0,2
3224,mainbatchi23_imgbatchi12_predi10,191
3225,mainbatchi23_imgbatchi12_predi3,181
3226,mainbatchi23_imgbatchi12_predi5,136
3227,mainbatchi23_imgbatchi12_predi4,181
3228,mainbatchi23_imgbatchi12_predi7,191
3229,mainbatchi23_imgbatchi13_predi1,191
3230,mainbatchi23_imgbatchi13_predi2,216
3231,mainbatchi23_imgbatchi13_predi0,4
3232,mainbatchi23_imgbatchi13_predi4,191
3233,mainbatchi23_imgbatchi13_predi3,215
3234,mainbatchi23_imgbatchi14_predi0,74
3235,mainbatchi23_imgbatchi15_predi4,95
3236,mainbatchi23_imgbatchi15_predi3,63
3237,mainbatchi23_imgbatchi15_predi1,2
3238,mainbatchi23_imgbatchi15_predi0,1
3239,mainbatchi23_imgbatchi15_predi2,2
3240,mainbatchi23_imgbatchi16_predi1,1
3241,mainbatchi23_imgbatchi16_predi3,6
3242,mainbatchi23_imgbatchi16_predi4,128
3243,mainbatchi23_imgbatchi16_predi0,63
3244,mainbatchi23_imgbatchi16_predi2,69
3245,mainbatchi23_imgbatchi17_predi0,27
3246,mainbatchi23_imgbatchi17_predi2,12
3247,mainbatchi23_imgbatchi17_predi6,128
3248,mainbatchi23_imgbatchi17_predi1,1
3249,mainbatchi23_imgbatchi18_predi0,63
3250,mainbatchi23_imgbatchi18_predi1,108
3251,mainbatchi23_imgbatchi18_predi2,45
3252,mainbatchi23_imgbatchi19_predi3,136
3253,mainbatchi23_imgbatchi19_predi1,2
3254,mainbatchi23_imgbatchi19_predi2,128
3255,mainbatchi23_imgbatchi19_predi0,1
3256,mainbatchi23_imgbatchi19_predi4,141
3257,mainbatchi23_imgbatchi20_predi4,74
3258,mainbatchi23_imgbatchi20_predi3,12
3259,mainbatchi23_imgbatchi20_predi0,108
3260,mainbatchi23_imgbatchi20_predi1,1
3261,mainbatchi23_imgbatchi20_predi2,6
3262,mainbatchi23_imgbatchi21_predi18,2
3263,mainbatchi23_imgbatchi21_predi0,5
3264,mainbatchi23_imgbatchi21_predi6,176
3265,mainbatchi23_imgbatchi21_predi2,192
3266,mainbatchi23_imgbatchi21_predi1,12
3267,mainbatchi23_imgbatchi22_predi0,2
3268,mainbatchi23_imgbatchi22_predi5,58
3269,mainbatchi23_imgbatchi22_predi6,12
3270,mainbatchi23_imgbatchi22_predi3,1
3271,mainbatchi23_imgbatchi22_predi4,6
3272,mainbatchi23_imgbatchi22_predi2,108
3273,mainbatchi23_imgbatchi22_predi1,63
3274,mainbatchi23_imgbatchi23_predi1,142
3275,mainbatchi23_imgbatchi23_predi0,63
3276,mainbatchi23_imgbatchi23_predi2,154
3277,mainbatchi23_imgbatchi24_predi4,149
3278,mainbatchi23_imgbatchi24_predi0,213
3279,mainbatchi23_imgbatchi24_predi5,140
3280,mainbatchi23_imgbatchi24_predi3,142
3281,mainbatchi23_imgbatchi24_predi1,2
3282,mainbatchi23_imgbatchi24_predi2,142
3283,mainbatchi23_imgbatchi25_predi1,191
3284,mainbatchi23_imgbatchi25_predi2,191
3285,mainbatchi23_imgbatchi25_predi4,213
3286,mainbatchi23_imgbatchi25_predi0,193
3287,mainbatchi23_imgbatchi26_predi0,2
3288,mainbatchi23_imgbatchi26_predi2,139
3289,mainbatchi23_imgbatchi26_predi1,1
3290,mainbatchi23_imgbatchi27_predi6,58
3291,mainbatchi23_imgbatchi27_predi8,6
3292,mainbatchi23_imgbatchi27_predi2,68
3293,mainbatchi23_imgbatchi27_predi0,191
3294,mainbatchi23_imgbatchi27_predi1,1
3295,mainbatchi23_imgbatchi27_predi3,151
3296,mainbatchi23_imgbatchi28_predi2,215
3297,mainbatchi23_imgbatchi28_predi3,43
3298,mainbatchi23_imgbatchi28_predi4,119
3299,mainbatchi23_imgbatchi28_predi0,1
3300,mainbatchi23_imgbatchi29_predi0,63
3301,mainbatchi23_imgbatchi30_predi0,41
3302,mainbatchi23_imgbatchi31_predi1,35
3303,mainbatchi23_imgbatchi31_predi0,1
3304,mainbatchi24_imgbatchi0_predi4,196
3305,mainbatchi24_imgbatchi0_predi9,191
3306,mainbatchi24_imgbatchi0_predi3,151
3307,mainbatchi24_imgbatchi0_predi0,89
3308,mainbatchi24_imgbatchi0_predi6,111
3309,mainbatchi24_imgbatchi0_predi2,45
3310,mainbatchi24_imgbatchi0_predi5,63
3311,mainbatchi24_imgbatchi0_predi1,45
3312,mainbatchi24_imgbatchi1_predi1,98
3313,mainbatchi24_imgbatchi1_predi4,128
3314,mainbatchi24_imgbatchi1_predi0,47
3315,mainbatchi24_imgbatchi2_predi1,81
3316,mainbatchi24_imgbatchi2_predi0,191
3317,mainbatchi24_imgbatchi2_predi2,154
3318,mainbatchi24_imgbatchi2_predi4,158
3319,mainbatchi24_imgbatchi2_predi5,1
3320,mainbatchi24_imgbatchi3_predi1,145
3321,mainbatchi24_imgbatchi3_predi4,191
3322,mainbatchi24_imgbatchi3_predi7,128
3323,mainbatchi24_imgbatchi3_predi9,157
3324,mainbatchi24_imgbatchi3_predi0,2
3325,mainbatchi24_imgbatchi3_predi3,142
3326,mainbatchi24_imgbatchi3_predi6,151
3327,mainbatchi24_imgbatchi3_predi2,141
3328,mainbatchi24_imgbatchi4_predi3,108
3329,mainbatchi24_imgbatchi4_predi1,63
3330,mainbatchi24_imgbatchi4_predi2,191
3331,mainbatchi24_imgbatchi4_predi0,200
3332,mainbatchi24_imgbatchi5_predi0,151
3333,mainbatchi24_imgbatchi5_predi1,157
3334,mainbatchi24_imgbatchi5_predi4,139
3335,mainbatchi24_imgbatchi5_predi2,69
3336,mainbatchi24_imgbatchi6_predi1,98
3337,mainbatchi24_imgbatchi6_predi0,63
3338,mainbatchi24_imgbatchi6_predi3,119
3339,mainbatchi24_imgbatchi7_predi1,200
3340,mainbatchi24_imgbatchi7_predi3,191
3341,mainbatchi24_imgbatchi7_predi0,4
3342,mainbatchi24_imgbatchi7_predi2,197
3343,mainbatchi24_imgbatchi8_predi0,193
3344,mainbatchi24_imgbatchi8_predi1,191
3345,mainbatchi24_imgbatchi8_predi2,191
3346,mainbatchi24_imgbatchi8_predi3,41
3347,mainbatchi24_imgbatchi8_predi4,213
3348,mainbatchi24_imgbatchi9_predi0,63
3349,mainbatchi24_imgbatchi10_predi0,1
3350,mainbatchi24_imgbatchi10_predi2,4
3351,mainbatchi24_imgbatchi10_predi1,178
3352,mainbatchi24_imgbatchi11_predi1,1
3353,mainbatchi24_imgbatchi11_predi0,1
3354,mainbatchi24_imgbatchi11_predi2,27
3355,mainbatchi24_imgbatchi11_predi3,210
3356,mainbatchi24_imgbatchi12_predi1,191
3357,mainbatchi24_imgbatchi12_predi2,202
3358,mainbatchi24_imgbatchi12_predi0,58
3359,mainbatchi24_imgbatchi13_predi0,160
3360,mainbatchi24_imgbatchi14_predi0,191
3361,mainbatchi24_imgbatchi14_predi1,151
3362,mainbatchi24_imgbatchi14_predi2,151
3363,mainbatchi24_imgbatchi15_predi0,94
3364,mainbatchi24_imgbatchi15_predi1,197
3365,mainbatchi24_imgbatchi15_predi2,157
3366,mainbatchi24_imgbatchi16_predi1,128
3367,mainbatchi24_imgbatchi16_predi5,193
3368,mainbatchi24_imgbatchi16_predi4,200
3369,mainbatchi24_imgbatchi16_predi3,6
3370,mainbatchi24_imgbatchi16_predi0,12
3371,mainbatchi24_imgbatchi16_predi2,6
3372,mainbatchi24_imgbatchi17_predi2,158
3373,mainbatchi24_imgbatchi17_predi0,98
3374,mainbatchi24_imgbatchi17_predi1,108
3375,mainbatchi24_imgbatchi18_predi1,140
3376,mainbatchi24_imgbatchi18_predi0,142
3377,mainbatchi24_imgbatchi18_predi20,187
3378,mainbatchi24_imgbatchi19_predi2,200
3379,mainbatchi24_imgbatchi19_predi5,191
3380,mainbatchi24_imgbatchi19_predi6,185
3381,mainbatchi24_imgbatchi19_predi3,1
3382,mainbatchi24_imgbatchi19_predi44,191
3383,mainbatchi24_imgbatchi19_predi1,5
3384,mainbatchi24_imgbatchi19_predi4,193
3385,mainbatchi24_imgbatchi19_predi0,47
3386,mainbatchi24_imgbatchi19_predi7,191
3387,mainbatchi24_imgbatchi20_predi7,157
3388,mainbatchi24_imgbatchi20_predi1,191
3389,mainbatchi24_imgbatchi20_predi2,157
3390,mainbatchi24_imgbatchi20_predi0,120
3391,mainbatchi24_imgbatchi21_predi1,139
3392,mainbatchi24_imgbatchi21_predi0,182
3393,mainbatchi24_imgbatchi22_predi0,71
3394,mainbatchi24_imgbatchi23_predi1,216
3395,mainbatchi24_imgbatchi23_predi0,2
3396,mainbatchi24_imgbatchi23_predi2,1
3397,mainbatchi24_imgbatchi24_predi1,109
3398,mainbatchi24_imgbatchi25_predi0,55
3399,mainbatchi24_imgbatchi25_predi4,193
3400,mainbatchi24_imgbatchi25_predi2,1
3401,mainbatchi24_imgbatchi25_predi1,1
3402,mainbatchi24_imgbatchi26_predi8,187
3403,mainbatchi24_imgbatchi26_predi4,191
3404,mainbatchi24_imgbatchi26_predi2,157
3405,mainbatchi24_imgbatchi26_predi0,216
3406,mainbatchi24_imgbatchi26_predi3,197
3407,mainbatchi24_imgbatchi26_predi6,140
3408,mainbatchi24_imgbatchi26_predi1,1
3409,mainbatchi24_imgbatchi26_predi7,1
3410,mainbatchi24_imgbatchi27_predi0,94
3411,mainbatchi24_imgbatchi27_predi1,1
3412,mainbatchi24_imgbatchi27_predi2,119
3413,mainbatchi24_imgbatchi28_predi0,74
3414,mainbatchi24_imgbatchi29_predi4,50
3415,mainbatchi24_imgbatchi29_predi2,142
3416,mainbatchi24_imgbatchi29_predi0,1
3417,mainbatchi24_imgbatchi29_predi1,141
3418,mainbatchi24_imgbatchi30_predi3,71
3419,mainbatchi24_imgbatchi30_predi0,44
3420,mainbatchi24_imgbatchi30_predi1,56
3421,mainbatchi24_imgbatchi30_predi2,63
3422,mainbatchi24_imgbatchi31_predi1,108
3423,mainbatchi24_imgbatchi31_predi0,1
3424,mainbatchi24_imgbatchi31_predi2,6
3425,mainbatchi25_imgbatchi0_predi0,122
3426,mainbatchi25_imgbatchi1_predi6,27
3427,mainbatchi25_imgbatchi1_predi15,1
3428,mainbatchi25_imgbatchi1_predi3,173
3429,mainbatchi25_imgbatchi1_predi7,193
3430,mainbatchi25_imgbatchi1_predi5,204
3431,mainbatchi25_imgbatchi1_predi1,209
3432,mainbatchi25_imgbatchi1_predi4,65
3433,mainbatchi25_imgbatchi1_predi0,44
3434,mainbatchi25_imgbatchi1_predi2,63
3435,mainbatchi25_imgbatchi2_predi2,193
3436,mainbatchi25_imgbatchi2_predi1,6
3437,mainbatchi25_imgbatchi2_predi3,6
3438,mainbatchi25_imgbatchi2_predi0,12
3439,mainbatchi25_imgbatchi2_predi4,202
3440,mainbatchi25_imgbatchi2_predi7,191
3441,mainbatchi25_imgbatchi3_predi0,181
3442,mainbatchi25_imgbatchi3_predi4,151
3443,mainbatchi25_imgbatchi4_predi1,187
3444,mainbatchi25_imgbatchi4_predi0,69
3445,mainbatchi25_imgbatchi4_predi2,191
3446,mainbatchi25_imgbatchi5_predi0,215
3447,mainbatchi25_imgbatchi5_predi2,191
3448,mainbatchi25_imgbatchi5_predi15,108
3449,mainbatchi25_imgbatchi5_predi1,58
3450,mainbatchi25_imgbatchi6_predi3,216
3451,mainbatchi25_imgbatchi7_predi0,63
3452,mainbatchi25_imgbatchi8_predi0,1
3453,mainbatchi25_imgbatchi8_predi3,63
3454,mainbatchi25_imgbatchi8_predi4,139
3455,mainbatchi25_imgbatchi8_predi1,213
3456,mainbatchi25_imgbatchi8_predi5,191
3457,mainbatchi25_imgbatchi8_predi2,191
3458,mainbatchi25_imgbatchi8_predi14,4
3459,mainbatchi25_imgbatchi8_predi6,157
3460,mainbatchi25_imgbatchi9_predi0,111
3461,mainbatchi25_imgbatchi9_predi1,39
3462,mainbatchi25_imgbatchi9_predi2,98
3463,mainbatchi25_imgbatchi10_predi2,2
3464,mainbatchi25_imgbatchi10_predi11,1
3465,mainbatchi25_imgbatchi10_predi1,98
3466,mainbatchi25_imgbatchi10_predi6,191
3467,mainbatchi25_imgbatchi10_predi4,139
3468,mainbatchi25_imgbatchi10_predi0,1
3469,mainbatchi25_imgbatchi11_predi1,215
3470,mainbatchi25_imgbatchi11_predi0,45
3471,mainbatchi25_imgbatchi12_predi8,215
3472,mainbatchi25_imgbatchi12_predi3,52
3473,mainbatchi25_imgbatchi12_predi7,6
3474,mainbatchi25_imgbatchi12_predi0,191
3475,mainbatchi25_imgbatchi12_predi1,45
3476,mainbatchi25_imgbatchi13_predi0,98
3477,mainbatchi25_imgbatchi13_predi1,128
3478,mainbatchi25_imgbatchi13_predi2,63
3479,mainbatchi25_imgbatchi14_predi2,142
3480,mainbatchi25_imgbatchi14_predi5,191
3481,mainbatchi25_imgbatchi14_predi0,1
3482,mainbatchi25_imgbatchi14_predi4,151
3483,mainbatchi25_imgbatchi14_predi1,1
3484,mainbatchi25_imgbatchi14_predi3,191
3485,mainbatchi25_imgbatchi15_predi2,191
3486,mainbatchi25_imgbatchi15_predi0,191
3487,mainbatchi25_imgbatchi16_predi3,202
3488,mainbatchi25_imgbatchi16_predi1,98
3489,mainbatchi25_imgbatchi16_predi4,6
3490,mainbatchi25_imgbatchi16_predi2,140
3491,mainbatchi25_imgbatchi16_predi0,212
3492,mainbatchi25_imgbatchi17_predi2,192
3493,mainbatchi25_imgbatchi17_predi4,56
3494,mainbatchi25_imgbatchi17_predi1,63
3495,mainbatchi25_imgbatchi17_predi0,44
3496,mainbatchi25_imgbatchi17_predi5,193
3497,mainbatchi25_imgbatchi18_predi2,45
3498,mainbatchi25_imgbatchi18_predi1,191
3499,mainbatchi25_imgbatchi18_predi3,191
3500,mainbatchi25_imgbatchi18_predi0,215
3501,mainbatchi25_imgbatchi18_predi4,141
3502,mainbatchi25_imgbatchi18_predi5,12
3503,mainbatchi25_imgbatchi19_predi11,141
3504,mainbatchi25_imgbatchi19_predi16,191
3505,mainbatchi25_imgbatchi19_predi3,216
3506,mainbatchi25_imgbatchi19_predi4,191
3507,mainbatchi25_imgbatchi19_predi7,142
3508,mainbatchi25_imgbatchi19_predi1,128
3509,mainbatchi25_imgbatchi19_predi2,182
3510,mainbatchi25_imgbatchi19_predi0,1
3511,mainbatchi25_imgbatchi19_predi5,151
3512,mainbatchi25_imgbatchi20_predi1,191
3513,mainbatchi25_imgbatchi20_predi4,98
3514,mainbatchi25_imgbatchi20_predi3,154
3515,mainbatchi25_imgbatchi20_predi0,1
3516,mainbatchi25_imgbatchi20_predi2,1
3517,mainbatchi25_imgbatchi21_predi1,71
3518,mainbatchi25_imgbatchi21_predi0,215
3519,mainbatchi25_imgbatchi21_predi2,44
3520,mainbatchi25_imgbatchi22_predi0,112
3521,mainbatchi25_imgbatchi23_predi2,111
3522,mainbatchi25_imgbatchi23_predi1,47
3523,mainbatchi25_imgbatchi23_predi0,62
3524,mainbatchi25_imgbatchi23_predi4,141
3525,mainbatchi25_imgbatchi23_predi3,142
3526,mainbatchi25_imgbatchi24_predi3,12
3527,mainbatchi25_imgbatchi24_predi4,74
3528,mainbatchi25_imgbatchi24_predi1,108
3529,mainbatchi25_imgbatchi24_predi0,1
3530,mainbatchi25_imgbatchi24_predi2,6
3531,mainbatchi25_imgbatchi25_predi4,191
3532,mainbatchi25_imgbatchi25_predi0,2
3533,mainbatchi25_imgbatchi25_predi3,140
3534,mainbatchi25_imgbatchi25_predi1,216
3535,mainbatchi25_imgbatchi25_predi2,187
3536,mainbatchi25_imgbatchi26_predi0,4
3537,mainbatchi25_imgbatchi26_predi2,187
3538,mainbatchi25_imgbatchi26_predi5,141
3539,mainbatchi25_imgbatchi26_predi1,187
3540,mainbatchi25_imgbatchi27_predi1,142
3541,mainbatchi25_imgbatchi27_predi2,98
3542,mainbatchi25_imgbatchi27_predi0,6
3543,mainbatchi25_imgbatchi27_predi3,148
3544,mainbatchi25_imgbatchi28_predi0,178
3545,mainbatchi25_imgbatchi30_predi2,157
3546,mainbatchi25_imgbatchi30_predi0,41
3547,mainbatchi25_imgbatchi30_predi1,191
3548,mainbatchi25_imgbatchi31_predi3,111
3549,mainbatchi25_imgbatchi31_predi1,108
3550,mainbatchi25_imgbatchi31_predi0,175
3551,mainbatchi25_imgbatchi31_predi2,142
3552,mainbatchi26_imgbatchi0_predi5,216
3553,mainbatchi26_imgbatchi0_predi1,2
3554,mainbatchi26_imgbatchi0_predi3,141
3555,mainbatchi26_imgbatchi0_predi0,58
3556,mainbatchi26_imgbatchi0_predi4,139
3557,mainbatchi26_imgbatchi1_predi0,2
3558,mainbatchi26_imgbatchi2_predi1,191
3559,mainbatchi26_imgbatchi2_predi0,196
3560,mainbatchi26_imgbatchi3_predi1,142
3561,mainbatchi26_imgbatchi3_predi3,85
3562,mainbatchi26_imgbatchi3_predi2,6
3563,mainbatchi26_imgbatchi3_predi0,6
3564,mainbatchi26_imgbatchi4_predi0,210
3565,mainbatchi26_imgbatchi4_predi2,129
3566,mainbatchi26_imgbatchi4_predi1,98
3567,mainbatchi26_imgbatchi5_predi3,197
3568,mainbatchi26_imgbatchi5_predi4,46
3569,mainbatchi26_imgbatchi5_predi2,58
3570,mainbatchi26_imgbatchi5_predi1,46
3571,mainbatchi26_imgbatchi5_predi0,6
3572,mainbatchi26_imgbatchi6_predi1,216
3573,mainbatchi26_imgbatchi6_predi2,191
3574,mainbatchi26_imgbatchi6_predi0,215
3575,mainbatchi26_imgbatchi7_predi3,142
3576,mainbatchi26_imgbatchi7_predi2,88
3577,mainbatchi26_imgbatchi7_predi1,109
3578,mainbatchi26_imgbatchi7_predi5,108
3579,mainbatchi26_imgbatchi7_predi0,213
3580,mainbatchi26_imgbatchi7_predi4,12
3581,mainbatchi26_imgbatchi8_predi1,2
3582,mainbatchi26_imgbatchi8_predi0,1
3583,mainbatchi26_imgbatchi9_predi0,56
3584,mainbatchi26_imgbatchi9_predi1,191
3585,mainbatchi26_imgbatchi9_predi4,98
3586,mainbatchi26_imgbatchi9_predi6,1
3587,mainbatchi26_imgbatchi9_predi5,191
3588,mainbatchi26_imgbatchi9_predi2,197
3589,mainbatchi26_imgbatchi10_predi0,215
3590,mainbatchi26_imgbatchi11_predi4,115
3591,mainbatchi26_imgbatchi11_predi1,14
3592,mainbatchi26_imgbatchi11_predi3,55
3593,mainbatchi26_imgbatchi11_predi0,62
3594,mainbatchi26_imgbatchi11_predi2,6
3595,mainbatchi26_imgbatchi12_predi3,142
3596,mainbatchi26_imgbatchi12_predi0,151
3597,mainbatchi26_imgbatchi12_predi1,1
3598,mainbatchi26_imgbatchi13_predi16,119
3599,mainbatchi26_imgbatchi13_predi1,191
3600,mainbatchi26_imgbatchi13_predi0,119
3601,mainbatchi26_imgbatchi14_predi0,210
3602,mainbatchi26_imgbatchi15_predi1,47
3603,mainbatchi26_imgbatchi15_predi0,23
3604,mainbatchi26_imgbatchi16_predi6,212
3605,mainbatchi26_imgbatchi16_predi1,17
3606,mainbatchi26_imgbatchi16_predi2,98
3607,mainbatchi26_imgbatchi16_predi5,211
3608,mainbatchi26_imgbatchi16_predi0,158
3609,mainbatchi26_imgbatchi16_predi3,63
3610,mainbatchi26_imgbatchi16_predi4,1
3611,mainbatchi26_imgbatchi17_predi2,64
3612,mainbatchi26_imgbatchi17_predi3,142
3613,mainbatchi26_imgbatchi17_predi0,32
3614,mainbatchi26_imgbatchi17_predi4,204
3615,mainbatchi26_imgbatchi17_predi1,107
3616,mainbatchi26_imgbatchi17_predi6,111
3617,mainbatchi26_imgbatchi18_predi5,142
3618,mainbatchi26_imgbatchi18_predi1,63
3619,mainbatchi26_imgbatchi18_predi7,31
3620,mainbatchi26_imgbatchi18_predi24,197
3621,mainbatchi26_imgbatchi18_predi15,191
3622,mainbatchi26_imgbatchi18_predi2,193
3623,mainbatchi26_imgbatchi18_predi0,215
3624,mainbatchi26_imgbatchi19_predi14,1
3625,mainbatchi26_imgbatchi19_predi1,157
3626,mainbatchi26_imgbatchi19_predi2,213
3627,mainbatchi26_imgbatchi19_predi6,29
3628,mainbatchi26_imgbatchi19_predi0,108
3629,mainbatchi26_imgbatchi19_predi7,98
3630,mainbatchi26_imgbatchi19_predi4,136
3631,mainbatchi26_imgbatchi19_predi10,191
3632,mainbatchi26_imgbatchi19_predi3,63
3633,mainbatchi26_imgbatchi20_predi3,139
3634,mainbatchi26_imgbatchi20_predi2,98
3635,mainbatchi26_imgbatchi20_predi1,200
3636,mainbatchi26_imgbatchi21_predi0,63
3637,mainbatchi26_imgbatchi21_predi1,23
3638,mainbatchi26_imgbatchi21_predi2,2
3639,mainbatchi26_imgbatchi22_predi2,68
3640,mainbatchi26_imgbatchi22_predi0,58
3641,mainbatchi26_imgbatchi22_predi1,108
3642,mainbatchi26_imgbatchi23_predi1,44
3643,mainbatchi26_imgbatchi23_predi0,12
3644,mainbatchi26_imgbatchi24_predi2,65
3645,mainbatchi26_imgbatchi24_predi0,41
3646,mainbatchi26_imgbatchi24_predi3,142
3647,mainbatchi26_imgbatchi24_predi1,69
3648,mainbatchi26_imgbatchi25_predi1,69
3649,mainbatchi26_imgbatchi25_predi5,120
3650,mainbatchi26_imgbatchi25_predi0,216
3651,mainbatchi26_imgbatchi25_predi2,63
3652,mainbatchi26_imgbatchi25_predi3,63
3653,mainbatchi26_imgbatchi25_predi4,122
3654,mainbatchi26_imgbatchi26_predi5,191
3655,mainbatchi26_imgbatchi26_predi4,2
3656,mainbatchi26_imgbatchi26_predi0,2
3657,mainbatchi26_imgbatchi26_predi1,98
3658,mainbatchi26_imgbatchi26_predi3,1
3659,mainbatchi26_imgbatchi26_predi2,1
3660,mainbatchi26_imgbatchi27_predi2,12
3661,mainbatchi26_imgbatchi27_predi4,191
3662,mainbatchi26_imgbatchi27_predi0,6
3663,mainbatchi26_imgbatchi27_predi1,6
3664,mainbatchi26_imgbatchi28_predi4,136
3665,mainbatchi26_imgbatchi28_predi6,191
3666,mainbatchi26_imgbatchi28_predi2,2
3667,mainbatchi26_imgbatchi28_predi5,191
3668,mainbatchi26_imgbatchi28_predi7,141
3669,mainbatchi26_imgbatchi28_predi1,1
3670,mainbatchi26_imgbatchi28_predi3,1
3671,mainbatchi26_imgbatchi28_predi0,215
3672,mainbatchi26_imgbatchi29_predi0,98
3673,mainbatchi26_imgbatchi29_predi2,68
3674,mainbatchi26_imgbatchi29_predi1,2
3675,mainbatchi26_imgbatchi30_predi2,140
3676,mainbatchi26_imgbatchi30_predi6,1
3677,mainbatchi26_imgbatchi30_predi0,151
3678,mainbatchi26_imgbatchi30_predi1,191
3679,mainbatchi26_imgbatchi30_predi7,154
3680,mainbatchi26_imgbatchi31_predi9,141
3681,mainbatchi26_imgbatchi31_predi0,191
3682,mainbatchi27_imgbatchi0_predi0,35
3683,mainbatchi27_imgbatchi1_predi0,58
3684,mainbatchi27_imgbatchi1_predi1,4
3685,mainbatchi27_imgbatchi1_predi5,191
3686,mainbatchi27_imgbatchi1_predi4,71
3687,mainbatchi27_imgbatchi1_predi2,47
3688,mainbatchi27_imgbatchi1_predi3,215
3689,mainbatchi27_imgbatchi2_predi1,2
3690,mainbatchi27_imgbatchi2_predi5,68
3691,mainbatchi27_imgbatchi2_predi3,111
3692,mainbatchi27_imgbatchi2_predi0,111
3693,mainbatchi27_imgbatchi2_predi2,128
3694,mainbatchi27_imgbatchi3_predi2,111
3695,mainbatchi27_imgbatchi3_predi1,191
3696,mainbatchi27_imgbatchi3_predi0,68
3697,mainbatchi27_imgbatchi4_predi1,215
3698,mainbatchi27_imgbatchi4_predi0,1
3699,mainbatchi27_imgbatchi4_predi2,45
3700,mainbatchi27_imgbatchi4_predi6,128
3701,mainbatchi27_imgbatchi4_predi3,200
3702,mainbatchi27_imgbatchi4_predi13,212
3703,mainbatchi27_imgbatchi4_predi4,160
3704,mainbatchi27_imgbatchi4_predi5,191
3705,mainbatchi27_imgbatchi5_predi7,142
3706,mainbatchi27_imgbatchi5_predi0,191
3707,mainbatchi27_imgbatchi5_predi3,140
3708,mainbatchi27_imgbatchi5_predi1,2
3709,mainbatchi27_imgbatchi5_predi4,140
3710,mainbatchi27_imgbatchi5_predi2,191
3711,mainbatchi27_imgbatchi6_predi0,2
3712,mainbatchi27_imgbatchi6_predi2,215
3713,mainbatchi27_imgbatchi6_predi5,137
3714,mainbatchi27_imgbatchi6_predi3,121
3715,mainbatchi27_imgbatchi6_predi1,1
3716,mainbatchi27_imgbatchi7_predi0,69
3717,mainbatchi27_imgbatchi7_predi1,98
3718,mainbatchi27_imgbatchi7_predi2,1
3719,mainbatchi27_imgbatchi8_predi4,200
3720,mainbatchi27_imgbatchi8_predi1,6
3721,mainbatchi27_imgbatchi8_predi2,6
3722,mainbatchi27_imgbatchi8_predi0,12
3723,mainbatchi27_imgbatchi8_predi3,128
3724,mainbatchi27_imgbatchi8_predi5,128
3725,mainbatchi27_imgbatchi9_predi2,191
3726,mainbatchi27_imgbatchi9_predi4,191
3727,mainbatchi27_imgbatchi9_predi1,191
3728,mainbatchi27_imgbatchi9_predi0,1
3729,mainbatchi27_imgbatchi10_predi4,47
3730,mainbatchi27_imgbatchi10_predi2,73
3731,mainbatchi27_imgbatchi10_predi6,120
3732,mainbatchi27_imgbatchi10_predi47,191
3733,mainbatchi27_imgbatchi10_predi0,66
3734,mainbatchi27_imgbatchi10_predi3,128
3735,mainbatchi27_imgbatchi10_predi5,204
3736,mainbatchi27_imgbatchi10_predi1,89
3737,mainbatchi27_imgbatchi11_predi4,191
3738,mainbatchi27_imgbatchi11_predi1,26
3739,mainbatchi27_imgbatchi11_predi0,1
3740,mainbatchi27_imgbatchi11_predi3,157
3741,mainbatchi27_imgbatchi11_predi2,1
3742,mainbatchi27_imgbatchi11_predi5,191
3743,mainbatchi27_imgbatchi13_predi0,58
3744,mainbatchi27_imgbatchi13_predi1,108
3745,mainbatchi27_imgbatchi13_predi2,43
3746,mainbatchi27_imgbatchi14_predi0,98
3747,mainbatchi27_imgbatchi14_predi5,21
3748,mainbatchi27_imgbatchi15_predi1,191
3749,mainbatchi27_imgbatchi15_predi4,128
3750,mainbatchi27_imgbatchi15_predi0,140
3751,mainbatchi27_imgbatchi15_predi6,142
3752,mainbatchi27_imgbatchi15_predi5,136
3753,mainbatchi27_imgbatchi15_predi3,136
3754,mainbatchi27_imgbatchi15_predi2,71
3755,mainbatchi27_imgbatchi16_predi3,142
3756,mainbatchi27_imgbatchi16_predi8,4
3757,mainbatchi27_imgbatchi16_predi1,191
3758,mainbatchi27_imgbatchi16_predi2,144
3759,mainbatchi27_imgbatchi16_predi0,6
3760,mainbatchi27_imgbatchi17_predi0,63
3761,mainbatchi27_imgbatchi17_predi2,157
3762,mainbatchi27_imgbatchi17_predi3,191
3763,mainbatchi27_imgbatchi17_predi1,131
3764,mainbatchi27_imgbatchi18_predi0,192
3765,mainbatchi27_imgbatchi18_predi1,191
3766,mainbatchi27_imgbatchi19_predi8,98
3767,mainbatchi27_imgbatchi19_predi5,189
3768,mainbatchi27_imgbatchi19_predi3,157
3769,mainbatchi27_imgbatchi19_predi47,6
3770,mainbatchi27_imgbatchi19_predi1,63
3771,mainbatchi27_imgbatchi19_predi0,1
3772,mainbatchi27_imgbatchi19_predi4,210
3773,mainbatchi27_imgbatchi20_predi0,45
3774,mainbatchi27_imgbatchi21_predi2,1
3775,mainbatchi27_imgbatchi21_predi3,1
3776,mainbatchi27_imgbatchi21_predi1,191
3777,mainbatchi27_imgbatchi21_predi0,26
3778,mainbatchi27_imgbatchi22_predi4,63
3779,mainbatchi27_imgbatchi22_predi6,68
3780,mainbatchi27_imgbatchi22_predi2,108
3781,mainbatchi27_imgbatchi22_predi5,66
3782,mainbatchi27_imgbatchi22_predi0,56
3783,mainbatchi27_imgbatchi22_predi1,115
3784,mainbatchi27_imgbatchi22_predi7,193
3785,mainbatchi27_imgbatchi22_predi3,108
3786,mainbatchi27_imgbatchi23_predi0,212
3787,mainbatchi27_imgbatchi23_predi3,214
3788,mainbatchi27_imgbatchi23_predi7,213
3789,mainbatchi27_imgbatchi23_predi4,136
3790,mainbatchi27_imgbatchi24_predi1,74
3791,mainbatchi27_imgbatchi24_predi2,140
3792,mainbatchi27_imgbatchi24_predi0,136
3793,mainbatchi27_imgbatchi25_predi2,190
3794,mainbatchi27_imgbatchi25_predi0,63
3795,mainbatchi27_imgbatchi25_predi1,201
3796,mainbatchi27_imgbatchi25_predi6,41
3797,mainbatchi27_imgbatchi26_predi0,141
3798,mainbatchi27_imgbatchi26_predi3,136
3799,mainbatchi27_imgbatchi26_predi1,1
3800,mainbatchi27_imgbatchi26_predi4,215
3801,mainbatchi27_imgbatchi27_predi0,2
3802,mainbatchi27_imgbatchi27_predi4,2
3803,mainbatchi27_imgbatchi27_predi2,58
3804,mainbatchi27_imgbatchi27_predi3,197
3805,mainbatchi27_imgbatchi27_predi9,121
3806,mainbatchi27_imgbatchi27_predi1,6
3807,mainbatchi27_imgbatchi28_predi2,12
3808,mainbatchi27_imgbatchi28_predi0,58
3809,mainbatchi27_imgbatchi28_predi3,6
3810,mainbatchi27_imgbatchi28_predi4,212
3811,mainbatchi27_imgbatchi28_predi1,212
3812,mainbatchi27_imgbatchi29_predi2,63
3813,mainbatchi27_imgbatchi29_predi1,71
3814,mainbatchi27_imgbatchi29_predi0,97
3815,mainbatchi27_imgbatchi30_predi2,129
3816,mainbatchi27_imgbatchi30_predi6,68
3817,mainbatchi27_imgbatchi30_predi9,6
3818,mainbatchi27_imgbatchi30_predi3,193
3819,mainbatchi27_imgbatchi30_predi13,65
3820,mainbatchi27_imgbatchi30_predi10,110
3821,mainbatchi27_imgbatchi30_predi33,6
3822,mainbatchi27_imgbatchi30_predi0,154
3823,mainbatchi27_imgbatchi30_predi5,216
3824,mainbatchi27_imgbatchi30_predi4,63
3825,mainbatchi27_imgbatchi30_predi1,43
3826,mainbatchi27_imgbatchi30_predi7,98
3827,mainbatchi27_imgbatchi30_predi8,154
3828,mainbatchi27_imgbatchi31_predi0,111
3829,mainbatchi27_imgbatchi31_predi1,191
3830,mainbatchi28_imgbatchi0_predi3,151
3831,mainbatchi28_imgbatchi0_predi0,98
3832,mainbatchi28_imgbatchi0_predi2,146
3833,mainbatchi28_imgbatchi0_predi6,196
3834,mainbatchi28_imgbatchi0_predi4,191
3835,mainbatchi28_imgbatchi0_predi5,191
3836,mainbatchi28_imgbatchi0_predi9,191
3837,mainbatchi28_imgbatchi0_predi20,12
3838,mainbatchi28_imgbatchi1_predi4,191
3839,mainbatchi28_imgbatchi1_predi1,47
3840,mainbatchi28_imgbatchi1_predi0,63
3841,mainbatchi28_imgbatchi1_predi3,4
3842,mainbatchi28_imgbatchi1_predi6,216
3843,mainbatchi28_imgbatchi1_predi2,71
3844,mainbatchi28_imgbatchi2_predi5,178
3845,mainbatchi28_imgbatchi2_predi4,197
3846,mainbatchi28_imgbatchi2_predi11,178
3847,mainbatchi28_imgbatchi2_predi36,1
3848,mainbatchi28_imgbatchi2_predi2,197
3849,mainbatchi28_imgbatchi2_predi10,191
3850,mainbatchi28_imgbatchi2_predi1,98
3851,mainbatchi28_imgbatchi2_predi9,86
3852,mainbatchi28_imgbatchi2_predi3,71
3853,mainbatchi28_imgbatchi2_predi0,1
3854,mainbatchi28_imgbatchi2_predi7,6
3855,mainbatchi28_imgbatchi3_predi0,1
3856,mainbatchi28_imgbatchi3_predi1,1
3857,mainbatchi28_imgbatchi3_predi2,1
3858,mainbatchi28_imgbatchi4_predi0,1
3859,mainbatchi28_imgbatchi4_predi2,215
3860,mainbatchi28_imgbatchi4_predi3,151
3861,mainbatchi28_imgbatchi4_predi10,216
3862,mainbatchi28_imgbatchi4_predi1,1
3863,mainbatchi28_imgbatchi5_predi2,108
3864,mainbatchi28_imgbatchi5_predi0,191
3865,mainbatchi28_imgbatchi5_predi3,166
3866,mainbatchi28_imgbatchi5_predi1,12
3867,mainbatchi28_imgbatchi5_predi14,108
3868,mainbatchi28_imgbatchi6_predi1,151
3869,mainbatchi28_imgbatchi6_predi4,191
3870,mainbatchi28_imgbatchi6_predi0,191
3871,mainbatchi28_imgbatchi6_predi6,158
3872,mainbatchi28_imgbatchi6_predi2,191
3873,mainbatchi28_imgbatchi7_predi3,112
3874,mainbatchi28_imgbatchi7_predi1,141
3875,mainbatchi28_imgbatchi7_predi0,1
3876,mainbatchi28_imgbatchi7_predi2,139
3877,mainbatchi28_imgbatchi8_predi0,74
3878,mainbatchi28_imgbatchi9_predi2,108
3879,mainbatchi28_imgbatchi9_predi0,108
3880,mainbatchi28_imgbatchi9_predi1,63
3881,mainbatchi28_imgbatchi10_predi0,58
3882,mainbatchi28_imgbatchi11_predi0,191
3883,mainbatchi28_imgbatchi11_predi1,99
3884,mainbatchi28_imgbatchi12_predi5,142
3885,mainbatchi28_imgbatchi12_predi4,151
3886,mainbatchi28_imgbatchi12_predi0,1
3887,mainbatchi28_imgbatchi12_predi1,1
3888,mainbatchi28_imgbatchi12_predi2,1
3889,mainbatchi28_imgbatchi12_predi3,191
3890,mainbatchi28_imgbatchi12_predi10,142
3891,mainbatchi28_imgbatchi13_predi5,58
3892,mainbatchi28_imgbatchi13_predi6,191
3893,mainbatchi28_imgbatchi13_predi2,191
3894,mainbatchi28_imgbatchi13_predi1,151
3895,mainbatchi28_imgbatchi13_predi0,139
3896,mainbatchi28_imgbatchi13_predi3,215
3897,mainbatchi28_imgbatchi14_predi0,4
3898,mainbatchi28_imgbatchi14_predi3,58
3899,mainbatchi28_imgbatchi14_predi2,151
3900,mainbatchi28_imgbatchi14_predi1,212
3901,mainbatchi28_imgbatchi14_predi4,193
3902,mainbatchi28_imgbatchi15_predi4,191
3903,mainbatchi28_imgbatchi15_predi1,128
3904,mainbatchi28_imgbatchi15_predi2,127
3905,mainbatchi28_imgbatchi15_predi5,128
3906,mainbatchi28_imgbatchi15_predi0,145
3907,mainbatchi28_imgbatchi15_predi3,191
3908,mainbatchi28_imgbatchi16_predi0,61
3909,mainbatchi28_imgbatchi16_predi1,71
3910,mainbatchi28_imgbatchi16_predi3,145
3911,mainbatchi28_imgbatchi16_predi2,1
3912,mainbatchi28_imgbatchi17_predi0,187
3913,mainbatchi28_imgbatchi18_predi0,44
3914,mainbatchi28_imgbatchi18_predi4,157
3915,mainbatchi28_imgbatchi18_predi3,6
3916,mainbatchi28_imgbatchi18_predi2,47
3917,mainbatchi28_imgbatchi19_predi1,1
3918,mainbatchi28_imgbatchi19_predi3,12
3919,mainbatchi28_imgbatchi19_predi2,6
3920,mainbatchi28_imgbatchi19_predi4,74
3921,mainbatchi28_imgbatchi19_predi0,108
3922,mainbatchi28_imgbatchi20_predi0,90
3923,mainbatchi28_imgbatchi21_predi0,191
3924,mainbatchi28_imgbatchi21_predi3,131
3925,mainbatchi28_imgbatchi21_predi1,142
3926,mainbatchi28_imgbatchi22_predi2,44
3927,mainbatchi28_imgbatchi22_predi0,216
3928,mainbatchi28_imgbatchi23_predi0,197
3929,mainbatchi28_imgbatchi23_predi1,45
3930,mainbatchi28_imgbatchi23_predi2,191
3931,mainbatchi28_imgbatchi24_predi1,119
3932,mainbatchi28_imgbatchi24_predi0,119
3933,mainbatchi28_imgbatchi25_predi0,74
3934,mainbatchi28_imgbatchi26_predi0,69
3935,mainbatchi28_imgbatchi26_predi1,191
3936,mainbatchi28_imgbatchi27_predi1,71
3937,mainbatchi28_imgbatchi27_predi0,216
3938,mainbatchi28_imgbatchi27_predi7,12
3939,mainbatchi28_imgbatchi27_predi3,151
3940,mainbatchi28_imgbatchi27_predi6,111
3941,mainbatchi28_imgbatchi27_predi5,111
3942,mainbatchi28_imgbatchi27_predi4,151
3943,mainbatchi28_imgbatchi27_predi2,88
3944,mainbatchi28_imgbatchi28_predi3,2
3945,mainbatchi28_imgbatchi28_predi14,1
3946,mainbatchi28_imgbatchi28_predi2,69
3947,mainbatchi28_imgbatchi28_predi0,12
3948,mainbatchi28_imgbatchi28_predi4,142
3949,mainbatchi28_imgbatchi28_predi1,122
3950,mainbatchi28_imgbatchi28_predi5,63
3951,mainbatchi28_imgbatchi28_predi8,12
3952,mainbatchi28_imgbatchi28_predi9,157
3953,mainbatchi28_imgbatchi29_predi3,190
3954,mainbatchi28_imgbatchi29_predi2,103
3955,mainbatchi28_imgbatchi29_predi1,45
3956,mainbatchi28_imgbatchi29_predi7,191
3957,mainbatchi28_imgbatchi29_predi0,2
3958,mainbatchi28_imgbatchi30_predi7,2
3959,mainbatchi28_imgbatchi30_predi0,191
3960,mainbatchi28_imgbatchi30_predi1,127
3961,mainbatchi28_imgbatchi30_predi2,191
3962,mainbatchi28_imgbatchi30_predi4,142
3963,mainbatchi28_imgbatchi30_predi5,2
3964,mainbatchi28_imgbatchi31_predi0,128
3965,mainbatchi28_imgbatchi31_predi4,99
3966,mainbatchi28_imgbatchi31_predi1,6
3967,mainbatchi29_imgbatchi0_predi4,136
3968,mainbatchi29_imgbatchi0_predi2,136
3969,mainbatchi29_imgbatchi0_predi3,191
3970,mainbatchi29_imgbatchi0_predi0,216
3971,mainbatchi29_imgbatchi0_predi1,142
3972,mainbatchi29_imgbatchi1_predi0,63
3973,mainbatchi29_imgbatchi1_predi8,178
3974,mainbatchi29_imgbatchi1_predi2,193
3975,mainbatchi29_imgbatchi2_predi2,63
3976,mainbatchi29_imgbatchi2_predi4,128
3977,mainbatchi29_imgbatchi2_predi0,45
3978,mainbatchi29_imgbatchi2_predi1,108
3979,mainbatchi29_imgbatchi2_predi5,1
3980,mainbatchi29_imgbatchi2_predi3,1
3981,mainbatchi29_imgbatchi3_predi2,45
3982,mainbatchi29_imgbatchi3_predi1,58
3983,mainbatchi29_imgbatchi3_predi0,45
3984,mainbatchi29_imgbatchi4_predi0,1
3985,mainbatchi29_imgbatchi4_predi1,98
3986,mainbatchi29_imgbatchi4_predi2,6
3987,mainbatchi29_imgbatchi5_predi0,68
3988,mainbatchi29_imgbatchi6_predi0,71
3989,mainbatchi29_imgbatchi7_predi1,46
3990,mainbatchi29_imgbatchi7_predi6,197
3991,mainbatchi29_imgbatchi7_predi0,120
3992,mainbatchi29_imgbatchi7_predi10,88
3993,mainbatchi29_imgbatchi7_predi2,119
3994,mainbatchi29_imgbatchi7_predi24,216
3995,mainbatchi29_imgbatchi8_predi0,94
3996,mainbatchi29_imgbatchi9_predi0,4
3997,mainbatchi29_imgbatchi9_predi11,49
3998,mainbatchi29_imgbatchi10_predi0,120
3999,mainbatchi29_imgbatchi10_predi2,6
4000,mainbatchi29_imgbatchi10_predi5,191
4001,mainbatchi29_imgbatchi10_predi1,216
4002,mainbatchi29_imgbatchi11_predi2,2
4003,mainbatchi29_imgbatchi11_predi9,6
4004,mainbatchi29_imgbatchi11_predi58,191
4005,mainbatchi29_imgbatchi11_predi5,191
4006,mainbatchi29_imgbatchi11_predi3,68
4007,mainbatchi29_imgbatchi11_predi7,147
4008,mainbatchi29_imgbatchi11_predi8,183
4009,mainbatchi29_imgbatchi11_predi4,43
4010,mainbatchi29_imgbatchi11_predi0,63
4011,mainbatchi29_imgbatchi11_predi6,183
4012,mainbatchi29_imgbatchi11_predi69,12
4013,mainbatchi29_imgbatchi11_predi1,103
4014,mainbatchi29_imgbatchi12_predi6,71
4015,mainbatchi29_imgbatchi12_predi2,137
4016,mainbatchi29_imgbatchi12_predi0,47
4017,mainbatchi29_imgbatchi12_predi3,160
4018,mainbatchi29_imgbatchi12_predi1,62
4019,mainbatchi29_imgbatchi13_predi4,119
4020,mainbatchi29_imgbatchi13_predi1,73
4021,mainbatchi29_imgbatchi13_predi0,71
4022,mainbatchi29_imgbatchi13_predi5,142
4023,mainbatchi29_imgbatchi13_predi3,191
4024,mainbatchi29_imgbatchi13_predi2,157
4025,mainbatchi29_imgbatchi14_predi1,151
4026,mainbatchi29_imgbatchi14_predi0,1
4027,mainbatchi29_imgbatchi15_predi3,54
4028,mainbatchi29_imgbatchi15_predi5,191
4029,mainbatchi29_imgbatchi15_predi0,176
4030,mainbatchi29_imgbatchi15_predi4,120
4031,mainbatchi29_imgbatchi15_predi2,111
4032,mainbatchi29_imgbatchi15_predi6,112
4033,mainbatchi29_imgbatchi15_predi1,63
4034,mainbatchi29_imgbatchi15_predi7,34
4035,mainbatchi29_imgbatchi16_predi0,191
4036,mainbatchi29_imgbatchi16_predi2,200
4037,mainbatchi29_imgbatchi16_predi3,216
4038,mainbatchi29_imgbatchi16_predi1,141
4039,mainbatchi29_imgbatchi17_predi1,197
4040,mainbatchi29_imgbatchi17_predi0,216
4041,mainbatchi29_imgbatchi18_predi0,191
4042,mainbatchi29_imgbatchi19_predi2,191
4043,mainbatchi29_imgbatchi19_predi0,2
4044,mainbatchi29_imgbatchi19_predi4,157
4045,mainbatchi29_imgbatchi19_predi5,191
4046,mainbatchi29_imgbatchi19_predi7,191
4047,mainbatchi29_imgbatchi19_predi1,1
4048,mainbatchi29_imgbatchi19_predi3,191
4049,mainbatchi29_imgbatchi20_predi0,197
4050,mainbatchi29_imgbatchi20_predi3,130
4051,mainbatchi29_imgbatchi20_predi2,181
4052,mainbatchi29_imgbatchi20_predi1,191
4053,mainbatchi29_imgbatchi21_predi1,47
4054,mainbatchi29_imgbatchi21_predi2,58
4055,mainbatchi29_imgbatchi21_predi3,71
4056,mainbatchi29_imgbatchi21_predi4,111
4057,mainbatchi29_imgbatchi21_predi0,4
4058,mainbatchi29_imgbatchi22_predi0,58
4059,mainbatchi29_imgbatchi22_predi7,149
4060,mainbatchi29_imgbatchi22_predi3,213
4061,mainbatchi29_imgbatchi22_predi1,58
4062,mainbatchi29_imgbatchi23_predi1,2
4063,mainbatchi29_imgbatchi23_predi2,1
4064,mainbatchi29_imgbatchi23_predi0,1
4065,mainbatchi29_imgbatchi23_predi7,157
4066,mainbatchi29_imgbatchi23_predi4,2
4067,mainbatchi29_imgbatchi23_predi6,142
4068,mainbatchi29_imgbatchi23_predi49,157
4069,mainbatchi29_imgbatchi24_predi2,151
4070,mainbatchi29_imgbatchi24_predi3,1
4071,mainbatchi29_imgbatchi24_predi1,1
4072,mainbatchi29_imgbatchi24_predi0,26
4073,mainbatchi29_imgbatchi24_predi5,191
4074,mainbatchi29_imgbatchi24_predi4,127
4075,mainbatchi29_imgbatchi25_predi3,191
4076,mainbatchi29_imgbatchi25_predi6,139
4077,mainbatchi29_imgbatchi25_predi0,4
4078,mainbatchi29_imgbatchi25_predi1,142
4079,mainbatchi29_imgbatchi25_predi2,98
4080,mainbatchi29_imgbatchi26_predi2,4
4081,mainbatchi29_imgbatchi26_predi3,1
4082,mainbatchi29_imgbatchi26_predi1,1
4083,mainbatchi29_imgbatchi26_predi0,1
4084,mainbatchi29_imgbatchi27_predi0,58
4085,mainbatchi29_imgbatchi27_predi1,1
4086,mainbatchi29_imgbatchi27_predi2,108
4087,mainbatchi29_imgbatchi27_predi3,160
4088,mainbatchi29_imgbatchi27_predi4,1
4089,mainbatchi29_imgbatchi28_predi0,1
4090,mainbatchi29_imgbatchi28_predi1,63
4091,mainbatchi29_imgbatchi28_predi2,1
4092,mainbatchi29_imgbatchi29_predi2,191
4093,mainbatchi29_imgbatchi29_predi6,191
4094,mainbatchi29_imgbatchi29_predi5,168
4095,mainbatchi29_imgbatchi29_predi1,6
4096,mainbatchi29_imgbatchi29_predi7,191
4097,mainbatchi29_imgbatchi29_predi4,6
4098,mainbatchi29_imgbatchi29_predi20,6
4099,mainbatchi29_imgbatchi29_predi0,2
4100,mainbatchi29_imgbatchi29_predi3,191
4101,mainbatchi29_imgbatchi30_predi2,191
4102,mainbatchi29_imgbatchi30_predi3,136
4103,mainbatchi29_imgbatchi30_predi1,142
4104,mainbatchi29_imgbatchi30_predi0,63
4105,mainbatchi29_imgbatchi31_predi0,142
4106,mainbatchi29_imgbatchi31_predi2,191
4107,mainbatchi29_imgbatchi31_predi3,1
4108,mainbatchi29_imgbatchi31_predi1,215
4109,mainbatchi30_imgbatchi0_predi3,98
4110,mainbatchi30_imgbatchi0_predi2,12
4111,mainbatchi30_imgbatchi0_predi4,98
4112,mainbatchi30_imgbatchi0_predi0,63
4113,mainbatchi30_imgbatchi0_predi30,52
4114,mainbatchi30_imgbatchi0_predi7,6
4115,mainbatchi30_imgbatchi0_predi1,6
4116,mainbatchi30_imgbatchi1_predi4,200
4117,mainbatchi30_imgbatchi1_predi0,12
4118,mainbatchi30_imgbatchi1_predi3,128
4119,mainbatchi30_imgbatchi1_predi2,6
4120,mainbatchi30_imgbatchi1_predi1,6
4121,mainbatchi30_imgbatchi2_predi9,193
4122,mainbatchi30_imgbatchi2_predi2,176
4123,mainbatchi30_imgbatchi2_predi1,71
4124,mainbatchi30_imgbatchi2_predi4,191
4125,mainbatchi30_imgbatchi2_predi0,63
4126,mainbatchi30_imgbatchi2_predi3,63
4127,mainbatchi30_imgbatchi2_predi5,178
4128,mainbatchi30_imgbatchi3_predi0,112
4129,mainbatchi30_imgbatchi3_predi1,104
4130,mainbatchi30_imgbatchi4_predi3,142
4131,mainbatchi30_imgbatchi4_predi4,6
4132,mainbatchi30_imgbatchi4_predi2,69
4133,mainbatchi30_imgbatchi4_predi0,41
4134,mainbatchi30_imgbatchi4_predi1,65
4135,mainbatchi30_imgbatchi5_predi2,145
4136,mainbatchi30_imgbatchi5_predi3,136
4137,mainbatchi30_imgbatchi5_predi0,98
4138,mainbatchi30_imgbatchi5_predi1,115
4139,mainbatchi30_imgbatchi6_predi0,191
4140,mainbatchi30_imgbatchi7_predi2,112
4141,mainbatchi30_imgbatchi7_predi6,191
4142,mainbatchi30_imgbatchi7_predi5,136
4143,mainbatchi30_imgbatchi7_predi3,157
4144,mainbatchi30_imgbatchi7_predi4,191
4145,mainbatchi30_imgbatchi7_predi1,27
4146,mainbatchi30_imgbatchi7_predi0,187
4147,mainbatchi30_imgbatchi7_predi7,191
4148,mainbatchi30_imgbatchi8_predi0,60
4149,mainbatchi30_imgbatchi9_predi43,1
4150,mainbatchi30_imgbatchi9_predi42,4
4151,mainbatchi30_imgbatchi9_predi5,4
4152,mainbatchi30_imgbatchi9_predi1,1
4153,mainbatchi30_imgbatchi9_predi28,187
4154,mainbatchi30_imgbatchi9_predi0,1
4155,mainbatchi30_imgbatchi9_predi4,6
4156,mainbatchi30_imgbatchi9_predi2,151
4157,mainbatchi30_imgbatchi10_predi2,141
4158,mainbatchi30_imgbatchi10_predi0,55
4159,mainbatchi30_imgbatchi10_predi1,142
4160,mainbatchi30_imgbatchi11_predi3,191
4161,mainbatchi30_imgbatchi11_predi1,109
4162,mainbatchi30_imgbatchi11_predi0,60
4163,mainbatchi30_imgbatchi11_predi2,71
4164,mainbatchi30_imgbatchi12_predi0,44
4165,mainbatchi30_imgbatchi12_predi1,6
4166,mainbatchi30_imgbatchi13_predi1,210
4167,mainbatchi30_imgbatchi13_predi2,129
4168,mainbatchi30_imgbatchi13_predi0,1
4169,mainbatchi30_imgbatchi13_predi3,98
4170,mainbatchi30_imgbatchi13_predi4,108
4171,mainbatchi30_imgbatchi14_predi2,44
4172,mainbatchi30_imgbatchi14_predi1,71
4173,mainbatchi30_imgbatchi14_predi0,215
4174,mainbatchi30_imgbatchi15_predi0,212
4175,mainbatchi30_imgbatchi15_predi1,140
4176,mainbatchi30_imgbatchi16_predi0,68
4177,mainbatchi30_imgbatchi17_predi0,108
4178,mainbatchi30_imgbatchi17_predi1,34
4179,mainbatchi30_imgbatchi18_predi1,1
4180,mainbatchi30_imgbatchi18_predi0,1
4181,mainbatchi30_imgbatchi19_predi0,55
4182,mainbatchi30_imgbatchi19_predi2,98
4183,mainbatchi30_imgbatchi20_predi4,187
4184,mainbatchi30_imgbatchi20_predi2,191
4185,mainbatchi30_imgbatchi20_predi1,2
4186,mainbatchi30_imgbatchi20_predi3,216
4187,mainbatchi30_imgbatchi20_predi0,1
4188,mainbatchi30_imgbatchi21_predi4,142
4189,mainbatchi30_imgbatchi21_predi17,157
4190,mainbatchi30_imgbatchi21_predi2,63
4191,mainbatchi30_imgbatchi21_predi0,2
4192,mainbatchi30_imgbatchi21_predi1,98
4193,mainbatchi30_imgbatchi22_predi2,58
4194,mainbatchi30_imgbatchi22_predi12,71
4195,mainbatchi30_imgbatchi22_predi1,65
4196,mainbatchi30_imgbatchi22_predi0,191
4197,mainbatchi30_imgbatchi23_predi1,2
4198,mainbatchi30_imgbatchi23_predi3,191
4199,mainbatchi30_imgbatchi23_predi0,111
4200,mainbatchi30_imgbatchi23_predi2,215
4201,mainbatchi30_imgbatchi23_predi5,111
4202,mainbatchi30_imgbatchi23_predi4,139
4203,mainbatchi30_imgbatchi24_predi5,1
4204,mainbatchi30_imgbatchi24_predi9,128
4205,mainbatchi30_imgbatchi24_predi2,215
4206,mainbatchi30_imgbatchi24_predi0,216
4207,mainbatchi30_imgbatchi24_predi6,191
4208,mainbatchi30_imgbatchi24_predi4,197
4209,mainbatchi30_imgbatchi24_predi3,111
4210,mainbatchi30_imgbatchi24_predi16,128
4211,mainbatchi30_imgbatchi24_predi10,1
4212,mainbatchi30_imgbatchi24_predi11,98
4213,mainbatchi30_imgbatchi24_predi1,200
4214,mainbatchi30_imgbatchi25_predi2,197
4215,mainbatchi30_imgbatchi25_predi4,4
4216,mainbatchi30_imgbatchi25_predi0,1
4217,mainbatchi30_imgbatchi25_predi9,141
4218,mainbatchi30_imgbatchi25_predi8,191
4219,mainbatchi30_imgbatchi25_predi1,191
4220,mainbatchi30_imgbatchi25_predi3,139
4221,mainbatchi30_imgbatchi25_predi6,215
4222,mainbatchi30_imgbatchi25_predi7,1
4223,mainbatchi30_imgbatchi26_predi0,215
4224,mainbatchi30_imgbatchi26_predi1,140
4225,mainbatchi30_imgbatchi26_predi3,121
4226,mainbatchi30_imgbatchi27_predi2,115
4227,mainbatchi30_imgbatchi27_predi1,63
4228,mainbatchi30_imgbatchi27_predi3,157
4229,mainbatchi30_imgbatchi27_predi0,119
4230,mainbatchi30_imgbatchi28_predi0,2
4231,mainbatchi30_imgbatchi28_predi2,189
4232,mainbatchi30_imgbatchi28_predi1,74
4233,mainbatchi30_imgbatchi29_predi2,191
4234,mainbatchi30_imgbatchi29_predi4,173
4235,mainbatchi30_imgbatchi29_predi3,191
4236,mainbatchi30_imgbatchi29_predi1,141
4237,mainbatchi30_imgbatchi29_predi6,142
4238,mainbatchi30_imgbatchi29_predi5,191
4239,mainbatchi30_imgbatchi29_predi0,127
4240,mainbatchi30_imgbatchi30_predi6,151
4241,mainbatchi30_imgbatchi30_predi2,140
4242,mainbatchi30_imgbatchi30_predi21,27
4243,mainbatchi30_imgbatchi30_predi5,1
4244,mainbatchi30_imgbatchi30_predi0,191
4245,mainbatchi30_imgbatchi30_predi1,191
4246,mainbatchi30_imgbatchi30_predi4,41
4247,mainbatchi30_imgbatchi30_predi12,56
4248,mainbatchi30_imgbatchi31_predi1,1
4249,mainbatchi30_imgbatchi31_predi0,69
4250,mainbatchi30_imgbatchi31_predi3,108
4251,mainbatchi30_imgbatchi31_predi4,98
4252,mainbatchi30_imgbatchi31_predi5,197
4253,mainbatchi30_imgbatchi31_predi2,182
4254,mainbatchi30_imgbatchi31_predi6,1
4255,mainbatchi31_imgbatchi0_predi0,74
4256,mainbatchi31_imgbatchi1_predi0,1
4257,mainbatchi31_imgbatchi2_predi0,65
4258,mainbatchi31_imgbatchi2_predi2,71
4259,mainbatchi31_imgbatchi3_predi3,139
4260,mainbatchi31_imgbatchi3_predi0,157
4261,mainbatchi31_imgbatchi3_predi2,142
4262,mainbatchi31_imgbatchi3_predi5,154
4263,mainbatchi31_imgbatchi3_predi1,160
4264,mainbatchi31_imgbatchi4_predi1,1
4265,mainbatchi31_imgbatchi4_predi4,191
4266,mainbatchi31_imgbatchi4_predi0,6
4267,mainbatchi31_imgbatchi4_predi3,191
4268,mainbatchi31_imgbatchi4_predi5,9
4269,mainbatchi31_imgbatchi4_predi2,191
4270,mainbatchi31_imgbatchi5_predi5,128
4271,mainbatchi31_imgbatchi5_predi2,27
4272,mainbatchi31_imgbatchi5_predi1,111
4273,mainbatchi31_imgbatchi5_predi0,12
4274,mainbatchi31_imgbatchi5_predi3,44
4275,mainbatchi31_imgbatchi6_predi1,151
4276,mainbatchi31_imgbatchi6_predi0,191
4277,mainbatchi31_imgbatchi6_predi2,191
4278,mainbatchi31_imgbatchi6_predi10,119
4279,mainbatchi31_imgbatchi6_predi4,191
4280,mainbatchi31_imgbatchi6_predi3,4
4281,mainbatchi31_imgbatchi7_predi0,98
4282,mainbatchi31_imgbatchi7_predi2,98
4283,mainbatchi31_imgbatchi7_predi1,212
4284,mainbatchi31_imgbatchi8_predi4,215
4285,mainbatchi31_imgbatchi8_predi0,6
4286,mainbatchi31_imgbatchi8_predi5,45
4287,mainbatchi31_imgbatchi8_predi2,58
4288,mainbatchi31_imgbatchi8_predi1,95
4289,mainbatchi31_imgbatchi8_predi3,154
4290,mainbatchi31_imgbatchi9_predi2,71
4291,mainbatchi31_imgbatchi9_predi0,47
4292,mainbatchi31_imgbatchi9_predi3,142
4293,mainbatchi31_imgbatchi9_predi4,111
4294,mainbatchi31_imgbatchi9_predi1,58
4295,mainbatchi31_imgbatchi10_predi4,193
4296,mainbatchi31_imgbatchi10_predi0,12
4297,mainbatchi31_imgbatchi10_predi2,6
4298,mainbatchi31_imgbatchi10_predi6,202
4299,mainbatchi31_imgbatchi10_predi1,6
4300,mainbatchi31_imgbatchi11_predi1,178
4301,mainbatchi31_imgbatchi11_predi0,4
4302,mainbatchi31_imgbatchi12_predi4,191
4303,mainbatchi31_imgbatchi12_predi2,6
4304,mainbatchi31_imgbatchi12_predi0,12
4305,mainbatchi31_imgbatchi12_predi1,6
4306,mainbatchi31_imgbatchi12_predi3,193
4307,mainbatchi31_imgbatchi13_predi0,94
4308,mainbatchi31_imgbatchi14_predi3,53
4309,mainbatchi31_imgbatchi14_predi1,6
4310,mainbatchi31_imgbatchi14_predi0,65
4311,mainbatchi31_imgbatchi15_predi0,1
4312,mainbatchi31_imgbatchi16_predi2,128
4313,mainbatchi31_imgbatchi16_predi6,44
4314,mainbatchi31_imgbatchi16_predi1,6
4315,mainbatchi31_imgbatchi16_predi3,181
4316,mainbatchi31_imgbatchi16_predi0,71
4317,mainbatchi31_imgbatchi17_predi0,1
4318,mainbatchi31_imgbatchi17_predi1,98
4319,mainbatchi31_imgbatchi18_predi5,1
4320,mainbatchi31_imgbatchi18_predi1,128
4321,mainbatchi31_imgbatchi18_predi2,1
4322,mainbatchi31_imgbatchi18_predi0,1
4323,mainbatchi31_imgbatchi18_predi3,191
4324,mainbatchi31_imgbatchi18_predi42,2
4325,mainbatchi31_imgbatchi19_predi2,142
4326,mainbatchi31_imgbatchi19_predi1,71
4327,mainbatchi31_imgbatchi19_predi0,136
4328,mainbatchi31_imgbatchi19_predi6,191
4329,mainbatchi31_imgbatchi19_predi4,136
4330,mainbatchi31_imgbatchi20_predi4,121
4331,mainbatchi31_imgbatchi20_predi0,1
4332,mainbatchi31_imgbatchi20_predi2,200
4333,mainbatchi31_imgbatchi20_predi1,6
4334,mainbatchi31_imgbatchi21_predi0,2
4335,mainbatchi31_imgbatchi21_predi1,139
4336,mainbatchi31_imgbatchi21_predi2,98
4337,mainbatchi31_imgbatchi21_predi6,63
4338,mainbatchi31_imgbatchi22_predi5,191
4339,mainbatchi31_imgbatchi22_predi2,191
4340,mainbatchi31_imgbatchi22_predi3,193
4341,mainbatchi31_imgbatchi22_predi1,5
4342,mainbatchi31_imgbatchi22_predi4,160
4343,mainbatchi31_imgbatchi22_predi0,58
4344,mainbatchi31_imgbatchi23_predi3,1
4345,mainbatchi31_imgbatchi23_predi1,95
4346,mainbatchi31_imgbatchi23_predi2,175
4347,mainbatchi31_imgbatchi23_predi0,1
4348,mainbatchi31_imgbatchi24_predi7,21
4349,mainbatchi31_imgbatchi24_predi0,212
4350,mainbatchi31_imgbatchi24_predi6,140
4351,mainbatchi31_imgbatchi24_predi3,142
4352,mainbatchi31_imgbatchi24_predi2,187
4353,mainbatchi31_imgbatchi25_predi4,71
4354,mainbatchi31_imgbatchi25_predi1,2
4355,mainbatchi31_imgbatchi25_predi0,43
4356,mainbatchi31_imgbatchi26_predi2,160
4357,mainbatchi31_imgbatchi26_predi1,191
4358,mainbatchi31_imgbatchi26_predi0,189
4359,mainbatchi31_imgbatchi27_predi0,63
4360,mainbatchi31_imgbatchi28_predi36,29
4361,mainbatchi31_imgbatchi28_predi3,108
4362,mainbatchi31_imgbatchi28_predi2,193
4363,mainbatchi31_imgbatchi28_predi11,98
4364,mainbatchi31_imgbatchi28_predi1,115
4365,mainbatchi31_imgbatchi28_predi0,63
4366,mainbatchi31_imgbatchi29_predi2,1
4367,mainbatchi31_imgbatchi29_predi0,1
4368,mainbatchi31_imgbatchi29_predi1,1
4369,mainbatchi31_imgbatchi30_predi1,128
4370,mainbatchi31_imgbatchi30_predi0,1
4371,mainbatchi31_imgbatchi31_predi4,139
4372,mainbatchi31_imgbatchi31_predi3,134
4373,mainbatchi31_imgbatchi31_predi2,54
4374,mainbatchi31_imgbatchi31_predi5,191
4375,mainbatchi31_imgbatchi31_predi1,215
4376,mainbatchi31_imgbatchi31_predi0,98
4377,mainbatchi32_imgbatchi0_predi9,71
4378,mainbatchi32_imgbatchi0_predi2,167
4379,mainbatchi32_imgbatchi0_predi12,136
4380,mainbatchi32_imgbatchi0_predi0,160
4381,mainbatchi32_imgbatchi0_predi3,71
4382,mainbatchi32_imgbatchi0_predi1,160
4383,mainbatchi32_imgbatchi0_predi6,216
4384,mainbatchi32_imgbatchi0_predi5,193
4385,mainbatchi32_imgbatchi0_predi4,193
4386,mainbatchi32_imgbatchi1_predi9,136
4387,mainbatchi32_imgbatchi1_predi4,212
4388,mainbatchi32_imgbatchi1_predi0,191
4389,mainbatchi32_imgbatchi1_predi1,139
4390,mainbatchi32_imgbatchi1_predi2,137
4391,mainbatchi32_imgbatchi2_predi3,85
4392,mainbatchi32_imgbatchi2_predi0,63
4393,mainbatchi32_imgbatchi2_predi5,43
4394,mainbatchi32_imgbatchi2_predi2,87
4395,mainbatchi32_imgbatchi2_predi1,45
4396,mainbatchi32_imgbatchi3_predi0,41
4397,mainbatchi32_imgbatchi3_predi1,45
4398,mainbatchi32_imgbatchi3_predi3,215
4399,mainbatchi32_imgbatchi3_predi2,4
4400,mainbatchi32_imgbatchi4_predi2,191
4401,mainbatchi32_imgbatchi4_predi1,4
4402,mainbatchi32_imgbatchi4_predi0,1
4403,mainbatchi32_imgbatchi4_predi7,128
4404,mainbatchi32_imgbatchi4_predi3,191
4405,mainbatchi32_imgbatchi4_predi6,121
4406,mainbatchi32_imgbatchi4_predi4,176
4407,mainbatchi32_imgbatchi5_predi0,1
4408,mainbatchi32_imgbatchi5_predi1,197
4409,mainbatchi32_imgbatchi6_predi0,2
4410,mainbatchi32_imgbatchi6_predi5,191
4411,mainbatchi32_imgbatchi6_predi1,191
4412,mainbatchi32_imgbatchi6_predi3,139
4413,mainbatchi32_imgbatchi6_predi4,151
4414,mainbatchi32_imgbatchi6_predi2,178
4415,mainbatchi32_imgbatchi7_predi6,142
4416,mainbatchi32_imgbatchi7_predi15,186
4417,mainbatchi32_imgbatchi7_predi7,191
4418,mainbatchi32_imgbatchi7_predi0,12
4419,mainbatchi32_imgbatchi7_predi2,191
4420,mainbatchi32_imgbatchi7_predi30,122
4421,mainbatchi32_imgbatchi7_predi1,63
4422,mainbatchi32_imgbatchi7_predi4,148
4423,mainbatchi32_imgbatchi7_predi5,191
4424,mainbatchi32_imgbatchi8_predi0,63
4425,mainbatchi32_imgbatchi8_predi1,107
4426,mainbatchi32_imgbatchi9_predi10,200
4427,mainbatchi32_imgbatchi9_predi1,191
4428,mainbatchi32_imgbatchi9_predi3,142
4429,mainbatchi32_imgbatchi9_predi6,71
4430,mainbatchi32_imgbatchi9_predi5,112
4431,mainbatchi32_imgbatchi9_predi0,216
4432,mainbatchi32_imgbatchi9_predi4,157
4433,mainbatchi32_imgbatchi9_predi2,95
4434,mainbatchi32_imgbatchi9_predi7,2
4435,mainbatchi32_imgbatchi10_predi2,43
4436,mainbatchi32_imgbatchi10_predi1,6
4437,mainbatchi32_imgbatchi10_predi3,44
4438,mainbatchi32_imgbatchi10_predi0,12
4439,mainbatchi32_imgbatchi11_predi3,187
4440,mainbatchi32_imgbatchi11_predi2,191
4441,mainbatchi32_imgbatchi11_predi0,1
4442,mainbatchi32_imgbatchi12_predi2,1
4443,mainbatchi32_imgbatchi12_predi0,69
4444,mainbatchi32_imgbatchi12_predi4,191
4445,mainbatchi32_imgbatchi12_predi3,1
4446,mainbatchi32_imgbatchi12_predi1,1
4447,mainbatchi32_imgbatchi13_predi0,69
4448,mainbatchi32_imgbatchi13_predi5,142
4449,mainbatchi32_imgbatchi13_predi3,151
4450,mainbatchi32_imgbatchi13_predi6,142
4451,mainbatchi32_imgbatchi13_predi1,142
4452,mainbatchi32_imgbatchi13_predi8,4
4453,mainbatchi32_imgbatchi14_predi1,12
4454,mainbatchi32_imgbatchi14_predi0,68
4455,mainbatchi32_imgbatchi15_predi0,71
4456,mainbatchi32_imgbatchi15_predi3,142
4457,mainbatchi32_imgbatchi15_predi1,151
4458,mainbatchi32_imgbatchi16_predi0,2
4459,mainbatchi32_imgbatchi16_predi1,1
4460,mainbatchi32_imgbatchi16_predi6,191
4461,mainbatchi32_imgbatchi16_predi3,129
4462,mainbatchi32_imgbatchi16_predi5,136
4463,mainbatchi32_imgbatchi16_predi2,191
4464,mainbatchi32_imgbatchi16_predi13,191
4465,mainbatchi32_imgbatchi16_predi4,182
4466,mainbatchi32_imgbatchi16_predi7,191
4467,mainbatchi32_imgbatchi17_predi1,191
4468,mainbatchi32_imgbatchi17_predi6,141
4469,mainbatchi32_imgbatchi17_predi0,2
4470,mainbatchi32_imgbatchi17_predi3,189
4471,mainbatchi32_imgbatchi17_predi2,151
4472,mainbatchi32_imgbatchi17_predi5,136
4473,mainbatchi32_imgbatchi17_predi4,215
4474,mainbatchi32_imgbatchi18_predi3,2
4475,mainbatchi32_imgbatchi18_predi1,215
4476,mainbatchi32_imgbatchi18_predi2,193
4477,mainbatchi32_imgbatchi18_predi0,193
4478,mainbatchi32_imgbatchi19_predi1,2
4479,mainbatchi32_imgbatchi19_predi2,142
4480,mainbatchi32_imgbatchi19_predi3,178
4481,mainbatchi32_imgbatchi19_predi0,68
4482,mainbatchi32_imgbatchi20_predi0,2
4483,mainbatchi32_imgbatchi20_predi7,142
4484,mainbatchi32_imgbatchi20_predi4,215
4485,mainbatchi32_imgbatchi20_predi1,187
4486,mainbatchi32_imgbatchi20_predi2,154
4487,mainbatchi32_imgbatchi20_predi3,154
4488,mainbatchi32_imgbatchi21_predi1,2
4489,mainbatchi32_imgbatchi21_predi0,62
4490,mainbatchi32_imgbatchi22_predi0,106
4491,mainbatchi32_imgbatchi23_predi6,27
4492,mainbatchi32_imgbatchi23_predi0,23
4493,mainbatchi32_imgbatchi23_predi4,215
4494,mainbatchi32_imgbatchi23_predi2,6
4495,mainbatchi32_imgbatchi23_predi3,191
4496,mainbatchi32_imgbatchi23_predi1,191
4497,mainbatchi32_imgbatchi23_predi5,204
4498,mainbatchi32_imgbatchi24_predi1,43
4499,mainbatchi32_imgbatchi24_predi0,109
4500,mainbatchi32_imgbatchi25_predi0,191
4501,mainbatchi32_imgbatchi25_predi2,191
4502,mainbatchi32_imgbatchi25_predi3,121
4503,mainbatchi32_imgbatchi25_predi6,142
4504,mainbatchi32_imgbatchi25_predi1,1
4505,mainbatchi32_imgbatchi26_predi0,111
4506,mainbatchi32_imgbatchi26_predi6,178
4507,mainbatchi32_imgbatchi26_predi5,99
4508,mainbatchi32_imgbatchi26_predi1,6
4509,mainbatchi32_imgbatchi27_predi3,213
4510,mainbatchi32_imgbatchi27_predi5,1
4511,mainbatchi32_imgbatchi27_predi0,111
4512,mainbatchi32_imgbatchi27_predi4,71
4513,mainbatchi32_imgbatchi27_predi2,137
4514,mainbatchi32_imgbatchi27_predi1,23
4515,mainbatchi32_imgbatchi27_predi10,141
4516,mainbatchi32_imgbatchi28_predi0,120
4517,mainbatchi32_imgbatchi28_predi1,215
4518,mainbatchi32_imgbatchi28_predi3,98
4519,mainbatchi32_imgbatchi29_predi2,12
4520,mainbatchi32_imgbatchi29_predi1,108
4521,mainbatchi32_imgbatchi29_predi4,191
4522,mainbatchi32_imgbatchi29_predi3,191
4523,mainbatchi32_imgbatchi29_predi0,28
4524,mainbatchi32_imgbatchi30_predi0,12
4525,mainbatchi32_imgbatchi30_predi1,69
4526,mainbatchi32_imgbatchi31_predi12,128
4527,mainbatchi32_imgbatchi31_predi2,191
4528,mainbatchi32_imgbatchi31_predi1,71
4529,mainbatchi32_imgbatchi31_predi0,12
4530,mainbatchi33_imgbatchi0_predi0,74
4531,mainbatchi33_imgbatchi0_predi1,41
4532,mainbatchi33_imgbatchi1_predi1,1
4533,mainbatchi33_imgbatchi1_predi0,2
4534,mainbatchi33_imgbatchi1_predi2,148
4535,mainbatchi33_imgbatchi1_predi3,41
4536,mainbatchi33_imgbatchi2_predi0,1
4537,mainbatchi33_imgbatchi2_predi2,157
4538,mainbatchi33_imgbatchi2_predi1,191
4539,mainbatchi33_imgbatchi2_predi4,191
4540,mainbatchi33_imgbatchi2_predi3,160
4541,mainbatchi33_imgbatchi3_predi5,190
4542,mainbatchi33_imgbatchi3_predi18,98
4543,mainbatchi33_imgbatchi3_predi0,74
4544,mainbatchi33_imgbatchi3_predi1,12
4545,mainbatchi33_imgbatchi3_predi3,142
4546,mainbatchi33_imgbatchi3_predi7,14
4547,mainbatchi33_imgbatchi3_predi4,157
4548,mainbatchi33_imgbatchi3_predi2,154
4549,mainbatchi33_imgbatchi4_predi3,128
4550,mainbatchi33_imgbatchi4_predi1,142
4551,mainbatchi33_imgbatchi4_predi7,142
4552,mainbatchi33_imgbatchi4_predi2,190
4553,mainbatchi33_imgbatchi4_predi4,6
4554,mainbatchi33_imgbatchi4_predi6,119
4555,mainbatchi33_imgbatchi4_predi9,142
4556,mainbatchi33_imgbatchi4_predi0,111
4557,mainbatchi33_imgbatchi5_predi0,73
4558,mainbatchi33_imgbatchi6_predi1,74
4559,mainbatchi33_imgbatchi6_predi3,148
4560,mainbatchi33_imgbatchi6_predi5,215
4561,mainbatchi33_imgbatchi6_predi2,142
4562,mainbatchi33_imgbatchi6_predi4,211
4563,mainbatchi33_imgbatchi6_predi0,6
4564,mainbatchi33_imgbatchi7_predi0,216
4565,mainbatchi33_imgbatchi7_predi2,136
4566,mainbatchi33_imgbatchi7_predi6,191
4567,mainbatchi33_imgbatchi7_predi1,191
4568,mainbatchi33_imgbatchi7_predi3,136
4569,mainbatchi33_imgbatchi8_predi1,139
4570,mainbatchi33_imgbatchi8_predi0,3
4571,mainbatchi33_imgbatchi9_predi1,178
4572,mainbatchi33_imgbatchi9_predi0,2
4573,mainbatchi33_imgbatchi9_predi9,1
4574,mainbatchi33_imgbatchi10_predi3,1
4575,mainbatchi33_imgbatchi10_predi5,58
4576,mainbatchi33_imgbatchi10_predi1,63
4577,mainbatchi33_imgbatchi10_predi4,6
4578,mainbatchi33_imgbatchi10_predi0,1
4579,mainbatchi33_imgbatchi10_predi6,58
4580,mainbatchi33_imgbatchi10_predi2,108
4581,mainbatchi33_imgbatchi11_predi0,1
4582,mainbatchi33_imgbatchi12_predi0,58
4583,mainbatchi33_imgbatchi13_predi7,122
4584,mainbatchi33_imgbatchi13_predi2,63
4585,mainbatchi33_imgbatchi13_predi0,31
4586,mainbatchi33_imgbatchi13_predi1,2
4587,mainbatchi33_imgbatchi13_predi5,1
4588,mainbatchi33_imgbatchi13_predi15,1
4589,mainbatchi33_imgbatchi14_predi1,63
4590,mainbatchi33_imgbatchi14_predi0,1
4591,mainbatchi33_imgbatchi15_predi0,47
4592,mainbatchi33_imgbatchi15_predi1,41
4593,mainbatchi33_imgbatchi16_predi1,191
4594,mainbatchi33_imgbatchi16_predi0,182
4595,mainbatchi33_imgbatchi17_predi0,2
4596,mainbatchi33_imgbatchi17_predi2,56
4597,mainbatchi33_imgbatchi17_predi1,1
4598,mainbatchi33_imgbatchi18_predi2,154
4599,mainbatchi33_imgbatchi18_predi0,108
4600,mainbatchi33_imgbatchi18_predi3,215
4601,mainbatchi33_imgbatchi18_predi1,71
4602,mainbatchi33_imgbatchi19_predi1,128
4603,mainbatchi33_imgbatchi19_predi4,128
4604,mainbatchi33_imgbatchi19_predi2,6
4605,mainbatchi33_imgbatchi19_predi0,12
4606,mainbatchi33_imgbatchi19_predi3,6
4607,mainbatchi33_imgbatchi20_predi0,1
4608,mainbatchi33_imgbatchi20_predi3,1
4609,mainbatchi33_imgbatchi20_predi1,2
4610,mainbatchi33_imgbatchi20_predi2,1
4611,mainbatchi33_imgbatchi21_predi2,191
4612,mainbatchi33_imgbatchi21_predi0,215
4613,mainbatchi33_imgbatchi21_predi25,191
4614,mainbatchi33_imgbatchi21_predi1,191
4615,mainbatchi33_imgbatchi22_predi0,31
4616,mainbatchi33_imgbatchi22_predi7,69
4617,mainbatchi33_imgbatchi22_predi3,140
4618,mainbatchi33_imgbatchi22_predi2,136
4619,mainbatchi33_imgbatchi22_predi10,210
4620,mainbatchi33_imgbatchi22_predi5,31
4621,mainbatchi33_imgbatchi22_predi1,68
4622,mainbatchi33_imgbatchi22_predi4,98
4623,mainbatchi33_imgbatchi22_predi6,27
4624,mainbatchi33_imgbatchi23_predi3,1
4625,mainbatchi33_imgbatchi23_predi0,1
4626,mainbatchi33_imgbatchi23_predi1,4
4627,mainbatchi33_imgbatchi23_predi2,1
4628,mainbatchi33_imgbatchi24_predi18,1
4629,mainbatchi33_imgbatchi24_predi1,2
4630,mainbatchi33_imgbatchi24_predi0,1
4631,mainbatchi33_imgbatchi24_predi3,29
4632,mainbatchi33_imgbatchi24_predi6,177
4633,mainbatchi33_imgbatchi24_predi2,6
4634,mainbatchi33_imgbatchi25_predi1,98
4635,mainbatchi33_imgbatchi25_predi0,108
4636,mainbatchi33_imgbatchi26_predi0,98
4637,mainbatchi33_imgbatchi26_predi2,139
4638,mainbatchi33_imgbatchi26_predi1,69
4639,mainbatchi33_imgbatchi26_predi6,197
4640,mainbatchi33_imgbatchi26_predi4,31
4641,mainbatchi33_imgbatchi26_predi3,213
